Sea_cucumber 0.000524 253 155 268 170
Sea_cucumber 0.000527 181 0 229 7
Sea_cucumber 0.000562 247 76 274 92
Sea_cucumber 0.000598 27 52 45 70
Sea_cucumber 0.000659 145 0 168 2
Sea_cucumber 0.000715 248 146 274 166
Sea_cucumber 0.001099 410 20 416 39
Sea_cucumber 0.002015 49 85 69 96
Sea_cucumber 0.002033 245 79 259 91
Sea_cucumber 0.002337 237 67 247 88
Sea_cucumber 0.003175 267 135 279 161
Sea_cucumber 0.003764 263 147 277 161
Sea_cucumber 0.004203 300 206 320 233
Sea_cucumber 0.004713 407 28 415 43
Sea_cucumber 0.005142 209 0 230 8
Sea_cucumber 0.006021 363 187 393 208
Sea_cucumber 0.110734 231 62 244 89
Sea_cucumber 0.798908 156 204 180 252
Sea_cucumber 0.911829 0 327 29 358
Sea_cucumber 0.947323 300 190 334 233
