Sea_cucumber 0.001945 202 350 218 375
Sea_cucumber 0.001945 184 410 208 416
Sea_cucumber 0.002161 322 57 331 91
Sea_cucumber 0.002472 0 0 5 59
Sea_cucumber 0.002529 43 412 63 415
Sea_cucumber 0.004460 159 169 200 185
Sea_cucumber 0.004951 0 19 3 69
Sea_cucumber 0.005076 140 165 196 195
Sea_cucumber 0.005660 0 18 13 87
Sea_cucumber 0.006017 166 168 189 179
Sea_cucumber 0.007274 0 47 9 86
Sea_cucumber 0.007673 0 66 7 81
Sea_cucumber 0.008460 0 46 5 74
Sea_cucumber 0.011887 86 157 99 205
Sea_cucumber 0.037312 1 61 8 76
Sea_cucumber 0.094771 145 167 186 182
Sea_cucumber 0.644949 1 24 7 78
Sea_cucumber 0.948531 63 116 101 199
Sea_cucumber 0.994686 25 292 114 327
Sea_cucumber 0.995270 96 242 134 291
