Sea_cucumber 0.000677 0 177 8 215
Sea_cucumber 0.000691 0 8 5 31
Sea_cucumber 0.000891 408 44 415 90
Sea_cucumber 0.000895 0 6 7 49
Sea_cucumber 0.000989 348 79 379 107
Sea_cucumber 0.001123 0 120 9 158
Sea_cucumber 0.001160 243 34 291 76
Sea_cucumber 0.001162 410 50 416 69
Sea_cucumber 0.001280 0 36 6 51
Sea_cucumber 0.001371 0 0 8 8
Sea_cucumber 0.001999 0 93 7 139
Sea_cucumber 0.002196 247 34 288 53
Sea_cucumber 0.003470 348 77 404 121
Sea_cucumber 0.004150 1 120 17 143
Sea_cucumber 0.006222 246 49 276 93
Sea_cucumber 0.012671 1 121 7 141
Sea_cucumber 0.016213 347 81 364 117
Sea_cucumber 0.052811 250 64 269 89
Sea_cucumber 0.934544 127 8 187 43
Sea_cucumber 0.964982 136 202 179 223
