Sea_cucumber 0.001373 126 82 155 107
Sea_cucumber 0.001382 0 0 10 7
Sea_cucumber 0.001580 0 328 3 351
Sea_cucumber 0.001752 70 357 84 371
Sea_cucumber 0.002005 376 65 414 88
Sea_cucumber 0.002167 394 411 416 416
Sea_cucumber 0.002239 396 64 410 77
Sea_cucumber 0.002248 407 409 415 415
Sea_cucumber 0.002643 154 336 178 386
Sea_cucumber 0.009771 157 333 169 364
Sea_cucumber 0.013939 139 106 158 121
Sea_cucumber 0.024868 18 180 49 212
Sea_cucumber 0.031927 396 70 414 97
Sea_cucumber 0.173375 132 96 160 121
Sea_cucumber 0.713234 15 180 29 210
Sea_cucumber 0.766763 355 73 406 91
Sea_cucumber 0.945652 2 0 37 12
Sea_cucumber 0.949356 364 122 397 149
Sea_cucumber 0.972333 341 358 376 407
Sea_cucumber 0.990703 66 355 95 375
