Sea_cucumber 0.001320 394 412 413 415
Sea_cucumber 0.001337 271 411 298 415
Sea_cucumber 0.001466 261 407 307 415
Sea_cucumber 0.001504 264 397 304 416
Sea_cucumber 0.001534 373 211 406 226
Sea_cucumber 0.001574 290 394 327 415
Sea_cucumber 0.001636 410 409 415 415
Sea_cucumber 0.001700 124 330 177 368
Sea_cucumber 0.002455 230 306 245 330
Sea_cucumber 0.003074 251 196 285 224
Sea_cucumber 0.003564 220 188 278 222
Sea_cucumber 0.028089 268 146 298 166
Sea_cucumber 0.031726 128 335 155 364
Sea_cucumber 0.081398 382 201 413 225
Sea_cucumber 0.179906 290 192 312 226
Sea_cucumber 0.190693 365 85 395 118
Sea_cucumber 0.221677 257 192 313 227
Sea_cucumber 0.945525 176 90 201 143
Sea_cucumber 0.994897 2 72 44 132
Sea_cucumber 0.996687 234 351 298 396
