Sea_cucumber 0.000065 0 106 9 141
Sea_cucumber 0.000070 413 32 416 54
Sea_cucumber 0.000075 0 120 4 142
Sea_cucumber 0.000078 4 97 33 120
Sea_cucumber 0.000081 0 0 6 6
Sea_cucumber 0.000081 194 412 214 415
Sea_cucumber 0.000081 410 410 416 416
Sea_cucumber 0.000087 0 46 6 90
Sea_cucumber 0.000112 250 411 271 415
Sea_cucumber 0.000117 199 0 223 2
Sea_cucumber 0.000131 0 410 7 416
Sea_cucumber 0.000134 0 74 3 94
Sea_cucumber 0.000150 305 143 329 153
Sea_cucumber 0.000156 413 346 416 365
Sea_cucumber 0.000172 394 0 416 4
Sea_cucumber 0.000223 43 251 76 267
Sea_cucumber 0.000351 0 115 6 131
Sea_cucumber 0.000379 407 0 415 6
Sea_cucumber 0.000447 0 339 3 355
Sea_cucumber 0.000487 2 106 25 128
