Sea_cucumber 0.000218 1 362 6 414
Sea_cucumber 0.000225 382 0 411 4
Sea_cucumber 0.000232 0 394 5 414
Sea_cucumber 0.000259 0 0 7 7
Sea_cucumber 0.000343 411 3 416 68
Sea_cucumber 0.000429 396 412 413 416
Sea_cucumber 0.000493 148 94 180 121
Sea_cucumber 0.000533 198 315 223 335
Sea_cucumber 0.000576 398 0 415 27
Sea_cucumber 0.000579 409 410 415 415
Sea_cucumber 0.000610 198 407 258 415
Sea_cucumber 0.000628 373 0 416 7
Sea_cucumber 0.000759 1 408 7 415
Sea_cucumber 0.000886 319 0 344 6
Sea_cucumber 0.001056 411 1 416 22
Sea_cucumber 0.001223 323 0 389 9
Sea_cucumber 0.001291 409 0 415 44
Sea_cucumber 0.001345 186 396 236 414
Sea_cucumber 0.002545 394 0 416 5
Sea_cucumber 0.004002 406 0 415 6
