Sea_cucumber 0.001306 124 0 172 19
Sea_cucumber 0.001433 373 381 403 413
Sea_cucumber 0.001588 1 246 8 289
Sea_cucumber 0.001665 407 408 415 416
Sea_cucumber 0.001782 0 270 6 329
Sea_cucumber 0.002796 197 367 270 404
Sea_cucumber 0.002903 410 17 416 70
Sea_cucumber 0.003325 412 17 416 39
Sea_cucumber 0.003600 126 0 151 4
Sea_cucumber 0.004344 118 0 162 8
Sea_cucumber 0.005783 93 0 139 7
Sea_cucumber 0.007952 394 408 414 415
Sea_cucumber 0.047528 116 0 134 5
Sea_cucumber 0.460540 228 362 272 385
Sea_cucumber 0.615904 247 101 292 142
Sea_cucumber 0.924777 96 387 132 416
Sea_cucumber 0.946411 139 234 177 283
Sea_cucumber 0.982609 154 10 245 50
Sea_cucumber 0.992273 112 354 180 398
Sea_cucumber 0.999186 2 4 36 80
