Sea_cucumber 0.000082 413 116 416 146
Sea_cucumber 0.000083 174 0 201 3
Sea_cucumber 0.000093 124 0 188 5
Sea_cucumber 0.000098 413 253 416 282
Sea_cucumber 0.000100 371 0 416 7
Sea_cucumber 0.000100 412 0 416 24
Sea_cucumber 0.000101 409 0 415 45
Sea_cucumber 0.000102 393 0 416 5
Sea_cucumber 0.000104 411 112 416 167
Sea_cucumber 0.000104 0 0 5 22
Sea_cucumber 0.000114 413 195 416 228
Sea_cucumber 0.000118 0 0 23 5
Sea_cucumber 0.000140 413 228 416 259
Sea_cucumber 0.000168 220 313 236 317
Sea_cucumber 0.000223 160 0 184 2
Sea_cucumber 0.000243 410 215 415 272
Sea_cucumber 0.000253 413 214 416 241
Sea_cucumber 0.000270 411 182 415 241
Sea_cucumber 0.000284 0 0 8 6
Sea_cucumber 0.000366 409 0 416 7
