Sea_cucumber 0.000096 256 411 278 416
Sea_cucumber 0.000100 307 409 374 416
Sea_cucumber 0.000118 0 124 3 141
Sea_cucumber 0.000130 268 398 301 415
Sea_cucumber 0.000136 1 0 21 4
Sea_cucumber 0.000142 287 408 329 416
Sea_cucumber 0.000158 0 0 9 5
Sea_cucumber 0.000167 0 408 7 415
Sea_cucumber 0.000171 352 411 374 415
Sea_cucumber 0.000225 192 411 216 416
Sea_cucumber 0.000249 373 74 400 97
Sea_cucumber 0.000310 206 410 233 415
Sea_cucumber 0.000367 290 411 309 416
Sea_cucumber 0.000468 410 397 415 412
Sea_cucumber 0.000525 180 385 211 410
Sea_cucumber 0.000529 409 407 415 414
Sea_cucumber 0.000553 271 410 296 416
Sea_cucumber 0.000763 273 274 308 289
Sea_cucumber 0.000928 204 394 237 415
Sea_cucumber 0.001068 304 410 327 416
