Sea_cucumber 0.000350 242 408 294 416
Sea_cucumber 0.000386 22 0 66 7
Sea_cucumber 0.000471 1 317 10 363
Sea_cucumber 0.000475 1 348 10 396
Sea_cucumber 0.000492 0 386 5 407
Sea_cucumber 0.000493 0 380 20 412
Sea_cucumber 0.000522 0 330 18 366
Sea_cucumber 0.000537 410 0 416 7
Sea_cucumber 0.000571 1 378 9 414
Sea_cucumber 0.000646 226 0 244 7
Sea_cucumber 0.000675 408 65 415 118
Sea_cucumber 0.000706 240 410 264 416
Sea_cucumber 0.000723 0 350 18 376
Sea_cucumber 0.000785 41 0 65 5
Sea_cucumber 0.000917 0 395 6 413
Sea_cucumber 0.001034 401 65 416 141
Sea_cucumber 0.001288 1 410 21 415
Sea_cucumber 0.001682 0 408 9 415
Sea_cucumber 0.001981 398 63 415 89
Sea_cucumber 0.003081 227 0 242 24
