Sea_cucumber 0.009183 141 409 157 416
Sea_cucumber 0.009658 116 272 145 296
Sea_cucumber 0.010478 0 299 5 318
Sea_cucumber 0.011400 0 160 25 182
Sea_cucumber 0.013442 227 171 258 192
Sea_cucumber 0.016575 9 10 43 29
Sea_cucumber 0.024976 201 175 255 213
Sea_cucumber 0.044954 1 160 12 172
Sea_cucumber 0.045145 131 185 150 211
Sea_cucumber 0.052851 0 379 22 415
Sea_cucumber 0.066517 191 197 218 213
Sea_cucumber 0.069184 336 216 356 243
Sea_cucumber 0.092114 291 140 360 170
Sea_cucumber 0.124103 0 153 18 176
Sea_cucumber 0.135841 216 178 254 199
Sea_cucumber 0.252696 287 151 345 167
Sea_cucumber 0.497099 266 352 294 395
Sea_cucumber 0.769482 188 66 247 84
Sea_cucumber 0.855166 90 190 144 230
Sea_cucumber 0.983736 317 72 344 136
