Sea_cucumber 0.000351 123 413 156 416
Sea_cucumber 0.000420 0 1 6 54
Sea_cucumber 0.000420 229 411 260 415
Sea_cucumber 0.000441 0 409 6 415
Sea_cucumber 0.000475 412 2 416 22
Sea_cucumber 0.000498 410 0 416 7
Sea_cucumber 0.000523 109 409 156 416
Sea_cucumber 0.000578 408 0 415 42
Sea_cucumber 0.000656 0 322 2 341
Sea_cucumber 0.000660 249 408 302 416
Sea_cucumber 0.000691 382 0 397 28
Sea_cucumber 0.000897 90 0 111 3
Sea_cucumber 0.001121 255 409 277 416
Sea_cucumber 0.001276 235 399 268 415
Sea_cucumber 0.001514 0 4 7 18
Sea_cucumber 0.001565 0 1 8 10
Sea_cucumber 0.001740 220 407 269 415
Sea_cucumber 0.001846 114 411 134 416
Sea_cucumber 0.016969 250 406 268 415
Sea_cucumber 0.521376 381 2 404 51
