Sea_cucumber 0.000921 179 106 199 138
Sea_cucumber 0.000926 5 261 39 304
Sea_cucumber 0.000971 0 288 22 299
Sea_cucumber 0.001060 0 266 9 301
Sea_cucumber 0.001227 0 267 5 284
Sea_cucumber 0.001248 0 0 8 7
Sea_cucumber 0.001585 0 287 8 299
Sea_cucumber 0.002075 188 79 201 125
Sea_cucumber 0.002115 0 293 8 305
Sea_cucumber 0.002216 132 0 164 22
Sea_cucumber 0.002726 1 296 38 318
Sea_cucumber 0.003100 36 281 67 300
Sea_cucumber 0.006329 0 291 28 307
Sea_cucumber 0.008711 6 278 65 309
Sea_cucumber 0.068174 48 165 103 196
Sea_cucumber 0.189510 2 285 51 301
Sea_cucumber 0.288197 49 166 87 180
Sea_cucumber 0.417266 92 234 119 259
Sea_cucumber 0.420316 173 37 207 67
Sea_cucumber 0.439207 177 83 204 135
