Sea_cucumber 0.000100 247 412 272 415
Sea_cucumber 0.000104 302 412 330 416
Sea_cucumber 0.000109 287 412 313 415
Sea_cucumber 0.000111 411 0 415 60
Sea_cucumber 0.000130 335 413 360 416
Sea_cucumber 0.000132 315 409 365 416
Sea_cucumber 0.000137 121 0 176 7
Sea_cucumber 0.000141 240 409 296 415
Sea_cucumber 0.000181 412 395 416 414
Sea_cucumber 0.000191 374 408 416 416
Sea_cucumber 0.000194 1 410 7 415
Sea_cucumber 0.000195 410 0 415 9
Sea_cucumber 0.000197 289 408 343 415
Sea_cucumber 0.000206 158 0 186 4
Sea_cucumber 0.000217 147 0 197 7
Sea_cucumber 0.000301 0 0 8 6
Sea_cucumber 0.000424 323 411 342 415
Sea_cucumber 0.000621 412 1 415 23
Sea_cucumber 0.000807 396 412 413 416
Sea_cucumber 0.000973 409 410 415 415
