Sea_cucumber 0.000287 309 356 339 374
Sea_cucumber 0.000295 412 394 416 415
Sea_cucumber 0.000308 322 408 373 415
Sea_cucumber 0.000343 407 0 415 6
Sea_cucumber 0.000350 372 0 416 8
Sea_cucumber 0.000381 175 411 202 416
Sea_cucumber 0.000414 130 1 150 6
Sea_cucumber 0.000422 411 259 415 273
Sea_cucumber 0.000447 0 411 23 415
Sea_cucumber 0.000486 126 0 185 7
Sea_cucumber 0.000526 0 409 8 416
Sea_cucumber 0.000526 364 0 383 9
Sea_cucumber 0.000555 180 409 227 416
Sea_cucumber 0.000694 349 0 381 23
Sea_cucumber 0.000797 411 408 416 415
Sea_cucumber 0.000847 166 125 194 154
Sea_cucumber 0.000933 191 412 215 416
Sea_cucumber 0.002587 65 216 103 236
Sea_cucumber 0.003733 164 124 179 170
Sea_cucumber 0.979737 166 125 211 175
