Sea_cucumber 0.000937 0 408 10 415
Sea_cucumber 0.001125 313 149 336 162
Sea_cucumber 0.001692 146 409 167 415
Sea_cucumber 0.002394 97 231 113 261
Sea_cucumber 0.002504 243 137 256 175
Sea_cucumber 0.003726 409 363 415 412
Sea_cucumber 0.005404 323 153 336 185
Sea_cucumber 0.006145 409 352 416 391
Sea_cucumber 0.006873 322 392 340 414
Sea_cucumber 0.010326 410 333 416 380
Sea_cucumber 0.017645 334 370 361 385
Sea_cucumber 0.031836 412 353 416 376
Sea_cucumber 0.061161 142 210 170 225
Sea_cucumber 0.070332 199 203 226 223
Sea_cucumber 0.097629 411 365 416 379
Sea_cucumber 0.162544 310 149 337 179
Sea_cucumber 0.274663 197 210 215 242
Sea_cucumber 0.327455 95 242 110 280
Sea_cucumber 0.402725 220 286 248 315
Sea_cucumber 0.935283 254 318 299 341
