Sea_cucumber 0.000456 0 144 6 166
Sea_cucumber 0.000504 409 410 416 416
Sea_cucumber 0.000517 0 141 5 202
Sea_cucumber 0.000607 393 412 414 415
Sea_cucumber 0.000746 387 190 416 214
Sea_cucumber 0.000898 1 134 10 177
Sea_cucumber 0.000995 0 118 19 148
Sea_cucumber 0.001061 0 22 4 81
Sea_cucumber 0.001195 0 398 6 413
Sea_cucumber 0.001386 0 408 41 415
Sea_cucumber 0.001513 18 412 39 416
Sea_cucumber 0.001615 1 135 10 148
Sea_cucumber 0.001639 0 1 5 54
Sea_cucumber 0.003159 0 133 22 200
Sea_cucumber 0.003804 2 409 19 415
Sea_cucumber 0.005037 0 26 3 46
Sea_cucumber 0.006607 0 406 9 415
Sea_cucumber 0.059501 382 140 416 202
Sea_cucumber 0.239636 0 136 26 157
Sea_cucumber 0.709319 384 177 415 201
