Sea_cucumber 0.000069 0 189 5 202
Sea_cucumber 0.000069 105 0 159 5
Sea_cucumber 0.000074 330 115 392 157
Sea_cucumber 0.000080 399 0 415 25
Sea_cucumber 0.000080 240 413 264 416
Sea_cucumber 0.000085 412 5 416 34
Sea_cucumber 0.000086 0 0 6 6
Sea_cucumber 0.000093 411 409 416 416
Sea_cucumber 0.000094 357 0 416 6
Sea_cucumber 0.000095 411 370 416 390
Sea_cucumber 0.000097 405 0 416 14
Sea_cucumber 0.000097 384 0 409 5
Sea_cucumber 0.000102 1 410 6 415
Sea_cucumber 0.000110 130 81 167 104
Sea_cucumber 0.000218 389 0 416 9
Sea_cucumber 0.000313 150 83 167 104
Sea_cucumber 0.000321 137 0 158 3
Sea_cucumber 0.000323 408 0 415 42
Sea_cucumber 0.000901 408 1 416 19
Sea_cucumber 0.016012 406 0 415 8
