Sea_cucumber 0.000340 221 131 240 166
Sea_cucumber 0.000353 395 0 416 5
Sea_cucumber 0.000377 1 278 6 305
Sea_cucumber 0.000397 1 304 7 326
Sea_cucumber 0.000412 394 412 415 416
Sea_cucumber 0.000415 0 248 7 304
Sea_cucumber 0.000465 0 0 9 8
Sea_cucumber 0.000472 0 408 8 416
Sea_cucumber 0.000553 92 378 153 412
Sea_cucumber 0.000582 0 301 9 346
Sea_cucumber 0.000635 410 409 415 416
Sea_cucumber 0.000672 0 300 19 330
Sea_cucumber 0.000681 1 290 11 325
Sea_cucumber 0.000709 1 299 9 317
Sea_cucumber 0.000770 2 269 35 321
Sea_cucumber 0.000788 407 0 415 6
Sea_cucumber 0.002246 1 273 10 312
Sea_cucumber 0.005797 0 282 20 316
Sea_cucumber 0.096610 217 108 247 165
Sea_cucumber 0.271991 232 134 245 166
