Sea_cucumber 0.001009 127 51 154 70
Sea_cucumber 0.001020 374 410 400 416
Sea_cucumber 0.001080 98 394 135 415
Sea_cucumber 0.001349 411 315 416 333
Sea_cucumber 0.001630 111 408 152 416
Sea_cucumber 0.001967 356 407 375 416
Sea_cucumber 0.002406 1 59 11 73
Sea_cucumber 0.002957 372 406 416 415
Sea_cucumber 0.003504 314 381 379 414
Sea_cucumber 0.004216 347 381 402 415
Sea_cucumber 0.004817 121 410 143 416
Sea_cucumber 0.009257 349 395 361 412
Sea_cucumber 0.011234 0 47 24 99
Sea_cucumber 0.015331 332 391 364 416
Sea_cucumber 0.021878 365 396 410 416
Sea_cucumber 0.048415 0 13 23 69
Sea_cucumber 0.049389 365 403 380 415
Sea_cucumber 0.370438 1 51 26 71
Sea_cucumber 0.780930 349 391 380 416
Sea_cucumber 0.998423 290 59 331 115
