Sea_cucumber 0.002545 0 121 6 145
Sea_cucumber 0.003542 0 99 8 148
Sea_cucumber 0.003989 318 312 331 318
Sea_cucumber 0.004125 87 17 125 41
Sea_cucumber 0.005032 407 195 416 228
Sea_cucumber 0.006296 0 135 10 175
Sea_cucumber 0.007361 69 1 87 40
Sea_cucumber 0.007704 151 0 194 8
Sea_cucumber 0.009563 169 0 192 5
Sea_cucumber 0.012964 409 207 416 222
Sea_cucumber 0.016142 407 209 416 245
Sea_cucumber 0.019547 259 15 292 39
Sea_cucumber 0.024925 0 125 11 156
Sea_cucumber 0.039799 163 0 197 20
Sea_cucumber 0.067850 407 212 415 226
Sea_cucumber 0.971511 350 96 413 136
Sea_cucumber 0.977766 69 0 128 44
Sea_cucumber 0.989440 2 24 82 62
Sea_cucumber 0.993599 285 125 337 181
Sea_cucumber 0.998500 194 205 260 248
