Sea_cucumber 0.002797 406 362 415 377
Sea_cucumber 0.003682 397 0 414 4
Sea_cucumber 0.003734 1 226 12 262
Sea_cucumber 0.003979 0 397 9 409
Sea_cucumber 0.005161 406 345 414 369
Sea_cucumber 0.005546 0 373 11 403
Sea_cucumber 0.005661 0 390 8 403
Sea_cucumber 0.005807 22 406 35 415
Sea_cucumber 0.006516 405 357 415 402
Sea_cucumber 0.008818 3 392 35 415
Sea_cucumber 0.008946 0 379 7 395
Sea_cucumber 0.011206 1 225 33 273
Sea_cucumber 0.012354 407 312 415 369
Sea_cucumber 0.013860 1 242 22 313
Sea_cucumber 0.053882 398 316 416 373
Sea_cucumber 0.364144 1 237 21 267
Sea_cucumber 0.558487 100 238 166 266
Sea_cucumber 0.587385 69 84 127 113
Sea_cucumber 0.651037 3 376 35 404
Sea_cucumber 0.717607 399 349 415 375
