Sea_cucumber 0.000075 0 394 5 415
Sea_cucumber 0.000076 408 43 415 92
Sea_cucumber 0.000079 0 0 6 6
Sea_cucumber 0.000082 411 395 416 413
Sea_cucumber 0.000083 408 24 416 64
Sea_cucumber 0.000094 234 408 288 416
Sea_cucumber 0.000103 410 0 416 44
Sea_cucumber 0.000110 0 373 7 416
Sea_cucumber 0.000113 410 408 416 416
Sea_cucumber 0.000117 393 0 416 5
Sea_cucumber 0.000145 0 411 22 416
Sea_cucumber 0.000146 46 228 76 256
Sea_cucumber 0.000172 261 408 306 416
Sea_cucumber 0.000209 407 44 415 60
Sea_cucumber 0.000316 0 408 7 416
Sea_cucumber 0.000418 264 410 287 416
Sea_cucumber 0.000463 202 141 237 166
Sea_cucumber 0.000464 412 1 416 20
Sea_cucumber 0.000600 18 177 69 218
Sea_cucumber 0.001875 410 0 416 8
