Sea_cucumber 0.000096 339 381 355 411
Sea_cucumber 0.000097 271 394 299 415
Sea_cucumber 0.000100 51 411 70 415
Sea_cucumber 0.000103 412 322 416 356
Sea_cucumber 0.000105 26 412 45 415
Sea_cucumber 0.000125 408 55 414 83
Sea_cucumber 0.000129 271 409 285 415
Sea_cucumber 0.000130 0 5 7 21
Sea_cucumber 0.000136 68 412 97 415
Sea_cucumber 0.000137 280 410 301 416
Sea_cucumber 0.000171 402 319 416 400
Sea_cucumber 0.000235 270 327 285 349
Sea_cucumber 0.000290 1 12 9 26
Sea_cucumber 0.000422 65 410 85 415
Sea_cucumber 0.000579 408 298 416 334
Sea_cucumber 0.000617 275 407 292 415
Sea_cucumber 0.000655 409 315 416 365
Sea_cucumber 0.000739 409 320 416 340
Sea_cucumber 0.000929 399 54 415 84
Sea_cucumber 0.003676 406 318 415 330
