Sea_cucumber 0.000029 1 0 7 56
Sea_cucumber 0.000029 0 382 4 411
Sea_cucumber 0.000031 157 110 265 180
Sea_cucumber 0.000032 298 330 333 351
Sea_cucumber 0.000036 310 412 338 415
Sea_cucumber 0.000054 411 1 415 21
Sea_cucumber 0.000058 1 373 7 416
Sea_cucumber 0.000059 14 412 40 415
Sea_cucumber 0.000060 302 409 362 415
Sea_cucumber 0.000060 411 410 415 416
Sea_cucumber 0.000061 83 81 117 102
Sea_cucumber 0.000062 0 407 33 415
Sea_cucumber 0.000066 200 169 262 204
Sea_cucumber 0.000071 0 395 28 414
Sea_cucumber 0.000075 0 0 7 7
Sea_cucumber 0.000087 372 119 401 144
Sea_cucumber 0.000120 1 395 5 414
Sea_cucumber 0.000149 408 1 415 8
Sea_cucumber 0.000230 1 411 23 415
Sea_cucumber 0.000393 0 409 7 415
