Sea_cucumber 0.000009 409 355 413 386
Sea_cucumber 0.000009 1 0 24 4
Sea_cucumber 0.000009 242 313 416 416
Sea_cucumber 0.000010 259 413 276 415
Sea_cucumber 0.000011 411 348 413 381
Sea_cucumber 0.000012 332 413 348 415
Sea_cucumber 0.000014 370 365 376 375
Sea_cucumber 0.000014 342 412 353 415
Sea_cucumber 0.000017 1 396 4 413
Sea_cucumber 0.000019 368 355 377 369
Sea_cucumber 0.000020 105 320 170 363
Sea_cucumber 0.000023 268 362 416 415
Sea_cucumber 0.000026 3 412 20 415
Sea_cucumber 0.000026 266 1 284 4
Sea_cucumber 0.000027 374 357 385 367
Sea_cucumber 0.000034 0 1 9 5
Sea_cucumber 0.000042 327 294 412 406
Sea_cucumber 0.000043 409 1 415 8
Sea_cucumber 0.000164 1 409 6 415
Sea_cucumber 0.000270 0 0 60 39
