Sea_cucumber 0.000012 283 410 299 414
Sea_cucumber 0.000014 0 2 3 22
Sea_cucumber 0.000014 3 412 21 415
Sea_cucumber 0.000014 392 0 415 4
Sea_cucumber 0.000015 282 397 317 413
Sea_cucumber 0.000015 396 413 412 416
Sea_cucumber 0.000016 244 408 308 415
Sea_cucumber 0.000017 9 413 30 415
Sea_cucumber 0.000018 295 413 320 416
Sea_cucumber 0.000019 1 9 5 31
Sea_cucumber 0.000021 264 412 287 415
Sea_cucumber 0.000026 276 409 356 415
Sea_cucumber 0.000031 0 0 5 6
Sea_cucumber 0.000033 206 410 281 415
Sea_cucumber 0.000041 193 396 302 415
Sea_cucumber 0.000042 266 396 299 412
Sea_cucumber 0.000052 0 410 6 415
Sea_cucumber 0.000054 410 410 415 416
Sea_cucumber 0.000058 409 0 415 7
Sea_cucumber 0.000115 283 400 297 409
