Sea_cucumber 0.001990 1 32 5 59
Sea_cucumber 0.002035 372 396 416 416
Sea_cucumber 0.002473 394 410 415 416
Sea_cucumber 0.002498 0 245 27 313
Sea_cucumber 0.002787 0 7 7 65
Sea_cucumber 0.002923 323 412 357 416
Sea_cucumber 0.003145 75 30 112 52
Sea_cucumber 0.003829 305 409 360 416
Sea_cucumber 0.004304 355 411 388 415
Sea_cucumber 0.004763 120 36 158 48
Sea_cucumber 0.005120 0 43 16 131
Sea_cucumber 0.007590 358 408 416 416
Sea_cucumber 0.008321 328 400 397 415
Sea_cucumber 0.015409 395 0 416 5
Sea_cucumber 0.018683 0 34 10 71
Sea_cucumber 0.025149 0 43 7 62
Sea_cucumber 0.068309 0 43 20 77
Sea_cucumber 0.349926 77 27 153 53
Sea_cucumber 0.424210 323 408 390 415
Sea_cucumber 0.875663 3 213 35 282
