Sea_cucumber 0.000062 1 288 5 311
Sea_cucumber 0.000066 413 170 416 205
Sea_cucumber 0.000073 1 412 9 415
Sea_cucumber 0.000088 410 115 415 180
Sea_cucumber 0.000092 187 255 204 281
Sea_cucumber 0.000094 252 51 271 72
Sea_cucumber 0.000099 411 3 416 19
Sea_cucumber 0.000101 0 0 6 6
Sea_cucumber 0.000102 174 269 201 316
Sea_cucumber 0.000105 0 98 5 117
Sea_cucumber 0.000108 332 251 367 270
Sea_cucumber 0.000146 353 260 389 277
Sea_cucumber 0.000205 410 162 415 213
Sea_cucumber 0.000408 210 148 243 165
Sea_cucumber 0.000501 411 164 416 179
Sea_cucumber 0.000626 371 1 416 6
Sea_cucumber 0.000746 207 230 237 258
Sea_cucumber 0.001369 176 118 198 127
Sea_cucumber 0.001446 238 56 269 77
Sea_cucumber 0.006520 395 0 414 4
