Sea_cucumber 0.001582 191 409 248 415
Sea_cucumber 0.001595 333 411 361 415
Sea_cucumber 0.001705 293 409 355 415
Sea_cucumber 0.001833 30 0 57 3
Sea_cucumber 0.001995 0 1 25 21
Sea_cucumber 0.002112 377 58 416 77
Sea_cucumber 0.002672 0 0 57 7
Sea_cucumber 0.002711 399 59 415 91
Sea_cucumber 0.003097 407 32 415 73
Sea_cucumber 0.003298 198 411 223 415
Sea_cucumber 0.003468 345 297 379 322
Sea_cucumber 0.003776 408 59 415 108
Sea_cucumber 0.004098 1 410 8 415
Sea_cucumber 0.006340 178 412 213 415
Sea_cucumber 0.011081 409 66 415 83
Sea_cucumber 0.011210 405 54 416 81
Sea_cucumber 0.015906 172 409 219 415
Sea_cucumber 0.064001 407 61 415 75
Sea_cucumber 0.908354 339 296 357 321
Sea_cucumber 0.973111 164 285 197 330
