Sea_cucumber 0.000047 410 328 416 383
Sea_cucumber 0.000054 411 410 415 416
Sea_cucumber 0.000055 190 42 233 61
Sea_cucumber 0.000062 412 334 416 360
Sea_cucumber 0.000063 298 413 334 416
Sea_cucumber 0.000065 251 152 273 160
Sea_cucumber 0.000066 1 394 6 414
Sea_cucumber 0.000067 36 331 66 352
Sea_cucumber 0.000072 1 410 22 415
Sea_cucumber 0.000085 259 410 341 415
Sea_cucumber 0.000090 185 35 243 75
Sea_cucumber 0.000090 244 138 275 160
Sea_cucumber 0.000100 410 0 415 6
Sea_cucumber 0.000101 0 0 7 6
Sea_cucumber 0.000103 331 412 364 416
Sea_cucumber 0.000116 0 408 9 416
Sea_cucumber 0.000272 13 320 68 366
Sea_cucumber 0.000423 318 409 378 415
Sea_cucumber 0.000635 301 409 347 415
Sea_cucumber 0.001869 321 410 342 415
