Sea_cucumber 0.000318 409 283 415 332
Sea_cucumber 0.000327 165 410 194 416
Sea_cucumber 0.000367 409 1 415 7
Sea_cucumber 0.000385 1 377 9 416
Sea_cucumber 0.000405 0 411 22 415
Sea_cucumber 0.000415 0 169 6 189
Sea_cucumber 0.000435 413 314 416 334
Sea_cucumber 0.000463 410 409 415 416
Sea_cucumber 0.000729 0 410 9 415
Sea_cucumber 0.000758 5 207 19 236
Sea_cucumber 0.000898 134 410 163 416
Sea_cucumber 0.000976 90 398 181 416
Sea_cucumber 0.001397 395 221 412 251
Sea_cucumber 0.001654 163 407 228 416
Sea_cucumber 0.004736 109 407 172 415
Sea_cucumber 0.008360 146 406 168 415
Sea_cucumber 0.008950 157 397 201 416
Sea_cucumber 0.014630 149 398 179 416
Sea_cucumber 0.028694 156 404 173 415
Sea_cucumber 0.673321 159 52 189 99
