Sea_cucumber 0.000148 21 412 52 416
Sea_cucumber 0.000149 215 263 242 285
Sea_cucumber 0.000156 200 254 239 280
Sea_cucumber 0.000183 9 397 63 415
Sea_cucumber 0.000198 138 0 189 6
Sea_cucumber 0.000203 0 396 8 413
Sea_cucumber 0.000219 194 245 266 282
Sea_cucumber 0.000287 55 410 81 415
Sea_cucumber 0.000295 47 406 88 415
Sea_cucumber 0.000303 60 394 105 415
Sea_cucumber 0.000357 0 408 57 415
Sea_cucumber 0.000482 1 0 7 43
Sea_cucumber 0.000522 0 20 6 67
Sea_cucumber 0.000663 0 409 10 416
Sea_cucumber 0.000687 135 0 160 4
Sea_cucumber 0.000766 120 382 140 411
Sea_cucumber 0.000882 1 410 21 415
Sea_cucumber 0.001692 0 28 4 43
Sea_cucumber 0.001750 44 396 77 415
Sea_cucumber 0.002189 190 246 220 275
