Sea_cucumber 0.000139 377 360 415 383
Sea_cucumber 0.000140 379 318 412 345
Sea_cucumber 0.000142 397 411 413 415
Sea_cucumber 0.000152 336 16 363 38
Sea_cucumber 0.000157 344 406 383 415
Sea_cucumber 0.000170 360 411 382 416
Sea_cucumber 0.000170 0 262 3 289
Sea_cucumber 0.000179 1 262 6 304
Sea_cucumber 0.000215 355 395 404 414
Sea_cucumber 0.000217 0 280 7 320
Sea_cucumber 0.000257 0 117 8 132
Sea_cucumber 0.000294 346 368 409 416
Sea_cucumber 0.000381 342 397 371 415
Sea_cucumber 0.000414 409 409 416 416
Sea_cucumber 0.000433 410 0 416 7
Sea_cucumber 0.000442 372 316 386 346
Sea_cucumber 0.000452 369 304 379 341
Sea_cucumber 0.000466 0 284 5 300
Sea_cucumber 0.000496 364 338 415 382
Sea_cucumber 0.000571 347 409 367 415
