Sea_cucumber 0.000325 247 1 272 6
Sea_cucumber 0.000351 393 412 415 416
Sea_cucumber 0.000355 0 410 9 416
Sea_cucumber 0.000373 381 6 413 31
Sea_cucumber 0.000395 67 0 99 3
Sea_cucumber 0.000398 188 410 253 416
Sea_cucumber 0.000548 232 0 272 10
Sea_cucumber 0.000576 10 0 63 10
Sea_cucumber 0.000887 412 397 415 412
Sea_cucumber 0.000925 235 2 292 40
Sea_cucumber 0.001047 185 97 209 144
Sea_cucumber 0.001252 54 0 113 7
Sea_cucumber 0.001432 411 408 415 415
Sea_cucumber 0.001725 239 1 281 20
Sea_cucumber 0.002099 54 0 81 4
Sea_cucumber 0.002888 37 0 83 8
Sea_cucumber 0.006862 17 0 70 20
Sea_cucumber 0.201867 187 110 200 143
Sea_cucumber 0.917834 345 297 383 326
Sea_cucumber 0.996692 55 198 100 244
