Sea_cucumber 0.000496 0 195 6 213
Sea_cucumber 0.000503 40 49 73 99
Sea_cucumber 0.000513 391 57 414 77
Sea_cucumber 0.000523 396 56 415 120
Sea_cucumber 0.000570 1 411 20 416
Sea_cucumber 0.000570 0 193 7 246
Sea_cucumber 0.000572 409 0 416 7
Sea_cucumber 0.000580 0 344 7 383
Sea_cucumber 0.000588 411 3 416 21
Sea_cucumber 0.000716 1 409 10 416
Sea_cucumber 0.001337 412 150 415 180
Sea_cucumber 0.001470 401 172 414 188
Sea_cucumber 0.001718 0 361 4 381
Sea_cucumber 0.001826 401 119 416 188
Sea_cucumber 0.001958 0 215 5 273
Sea_cucumber 0.002653 0 240 5 294
Sea_cucumber 0.002748 410 123 416 189
Sea_cucumber 0.002855 407 180 415 190
Sea_cucumber 0.006260 0 247 3 272
Sea_cucumber 0.025737 406 156 415 188
