Sea_cucumber 0.000622 81 0 103 5
Sea_cucumber 0.000681 235 409 255 416
Sea_cucumber 0.000782 253 406 298 415
Sea_cucumber 0.000782 388 395 416 415
Sea_cucumber 0.000887 408 375 415 416
Sea_cucumber 0.001064 411 209 416 233
Sea_cucumber 0.001182 225 404 264 416
Sea_cucumber 0.001435 224 380 276 416
Sea_cucumber 0.001942 407 212 416 243
Sea_cucumber 0.001966 256 409 276 416
Sea_cucumber 0.002217 410 396 415 414
Sea_cucumber 0.002239 372 407 416 415
Sea_cucumber 0.002684 243 403 275 416
Sea_cucumber 0.004295 406 225 415 262
Sea_cucumber 0.005494 396 409 415 415
Sea_cucumber 0.005498 408 407 415 415
Sea_cucumber 0.010937 251 407 267 416
Sea_cucumber 0.013966 408 223 416 235
Sea_cucumber 0.023009 247 394 286 416
Sea_cucumber 0.222395 240 392 266 415
