Sea_cucumber 0.005944 65 106 101 154
Sea_cucumber 0.006265 163 406 183 416
Sea_cucumber 0.007756 64 0 120 5
Sea_cucumber 0.009071 1 242 9 260
Sea_cucumber 0.010379 179 405 193 415
Sea_cucumber 0.011204 35 0 85 5
Sea_cucumber 0.018444 71 0 95 3
Sea_cucumber 0.039219 156 397 186 416
Sea_cucumber 0.045107 177 394 216 416
Sea_cucumber 0.063178 60 0 77 3
Sea_cucumber 0.092748 70 0 81 3
Sea_cucumber 0.110934 21 229 91 266
Sea_cucumber 0.119703 12 163 68 199
Sea_cucumber 0.159662 68 87 138 149
Sea_cucumber 0.202861 175 399 186 415
Sea_cucumber 0.342163 1 228 17 258
Sea_cucumber 0.617520 58 234 89 266
Sea_cucumber 0.850476 97 86 175 144
Sea_cucumber 0.973014 273 348 297 409
Sea_cucumber 0.998496 210 123 248 179
