Sea_cucumber 0.001477 0 67 12 103
Sea_cucumber 0.001614 194 46 230 93
Sea_cucumber 0.001729 94 247 146 279
Sea_cucumber 0.001917 0 97 8 150
Sea_cucumber 0.002016 5 107 32 141
Sea_cucumber 0.002280 341 0 389 6
Sea_cucumber 0.003230 361 0 385 4
Sea_cucumber 0.008169 307 78 324 91
Sea_cucumber 0.010892 184 67 204 95
Sea_cucumber 0.020130 0 368 28 414
Sea_cucumber 0.047235 0 88 25 151
Sea_cucumber 0.055569 184 48 212 93
Sea_cucumber 0.082524 331 69 345 101
Sea_cucumber 0.149672 307 72 341 95
Sea_cucumber 0.551969 106 253 139 271
Sea_cucumber 0.583628 0 77 20 111
Sea_cucumber 0.963278 9 107 43 162
Sea_cucumber 0.967210 37 197 63 254
Sea_cucumber 0.970731 344 14 375 65
Sea_cucumber 0.987564 43 54 105 110
