Sea_cucumber 0.001069 407 36 416 67
Sea_cucumber 0.001171 409 179 416 197
Sea_cucumber 0.001368 92 398 122 415
Sea_cucumber 0.001732 0 237 7 281
Sea_cucumber 0.001818 80 408 104 415
Sea_cucumber 0.001892 93 408 155 415
Sea_cucumber 0.002016 110 116 167 153
Sea_cucumber 0.002618 36 406 84 415
Sea_cucumber 0.003745 409 51 415 67
Sea_cucumber 0.005138 111 112 136 156
Sea_cucumber 0.005635 389 37 414 64
Sea_cucumber 0.006376 0 243 7 260
Sea_cucumber 0.011195 66 404 102 416
Sea_cucumber 0.012964 94 404 110 415
Sea_cucumber 0.016528 61 396 93 415
Sea_cucumber 0.031157 68 404 83 415
Sea_cucumber 0.036144 77 387 95 410
Sea_cucumber 0.137041 75 392 109 416
Sea_cucumber 0.668391 184 22 203 86
Sea_cucumber 0.794462 116 126 131 152
