Sea_cucumber 0.000022 0 384 3 409
Sea_cucumber 0.000023 271 360 416 415
Sea_cucumber 0.000024 129 413 150 415
Sea_cucumber 0.000026 0 233 4 254
Sea_cucumber 0.000028 374 357 385 367
Sea_cucumber 0.000028 54 0 81 3
Sea_cucumber 0.000033 52 0 116 6
Sea_cucumber 0.000039 238 0 298 6
Sea_cucumber 0.000040 276 413 291 415
Sea_cucumber 0.000040 326 295 411 405
Sea_cucumber 0.000042 409 1 415 8
Sea_cucumber 0.000044 0 0 6 6
Sea_cucumber 0.000055 8 413 32 415
Sea_cucumber 0.000055 267 413 286 416
Sea_cucumber 0.000064 278 1 289 4
Sea_cucumber 0.000094 218 58 242 121
Sea_cucumber 0.000097 1 396 5 412
Sea_cucumber 0.000113 0 412 23 415
Sea_cucumber 0.000137 264 0 287 3
Sea_cucumber 0.000293 0 410 7 415
