Sea_cucumber 0.001957 0 134 18 163
Sea_cucumber 0.001959 0 149 4 177
Sea_cucumber 0.002092 0 139 15 226
Sea_cucumber 0.002154 300 113 319 138
Sea_cucumber 0.002305 0 104 15 168
Sea_cucumber 0.003045 288 0 341 37
Sea_cucumber 0.004147 308 0 324 8
Sea_cucumber 0.004905 382 337 413 361
Sea_cucumber 0.006161 313 0 331 28
Sea_cucumber 0.007211 0 139 6 188
Sea_cucumber 0.011892 0 118 7 163
Sea_cucumber 0.023869 304 0 384 26
Sea_cucumber 0.058760 0 140 5 158
Sea_cucumber 0.067612 119 114 144 189
Sea_cucumber 0.091986 28 118 142 180
Sea_cucumber 0.138185 307 1 324 33
Sea_cucumber 0.844071 19 106 80 142
Sea_cucumber 0.871039 252 65 305 99
Sea_cucumber 0.952860 339 336 388 377
Sea_cucumber 0.991328 200 241 258 305
