Sea_cucumber 0.000206 0 123 3 141
Sea_cucumber 0.000224 413 158 416 187
Sea_cucumber 0.000227 411 158 416 201
Sea_cucumber 0.000228 0 0 46 9
Sea_cucumber 0.000277 412 87 416 114
Sea_cucumber 0.000365 1 2 6 20
Sea_cucumber 0.000393 0 0 7 10
Sea_cucumber 0.000460 2 412 21 415
Sea_cucumber 0.000474 108 351 125 363
Sea_cucumber 0.000638 411 99 416 117
Sea_cucumber 0.000688 412 176 416 198
Sea_cucumber 0.000725 1 410 7 415
Sea_cucumber 0.000819 1 0 19 26
Sea_cucumber 0.000895 129 412 150 415
Sea_cucumber 0.001329 0 18 13 65
Sea_cucumber 0.006500 136 157 161 174
Sea_cucumber 0.255090 16 101 45 131
Sea_cucumber 0.477405 106 351 125 380
Sea_cucumber 0.649207 0 1 21 54
Sea_cucumber 0.994763 136 157 160 234
