Sea_cucumber 0.001060 79 410 104 415
Sea_cucumber 0.001101 103 113 144 133
Sea_cucumber 0.001285 376 406 416 415
Sea_cucumber 0.001424 410 0 415 59
Sea_cucumber 0.002162 67 393 101 414
Sea_cucumber 0.002639 407 54 415 116
Sea_cucumber 0.002788 409 381 415 397
Sea_cucumber 0.003379 393 365 416 416
Sea_cucumber 0.003851 401 78 416 189
Sea_cucumber 0.004270 395 408 414 415
Sea_cucumber 0.005264 408 388 415 404
Sea_cucumber 0.005547 405 380 415 413
Sea_cucumber 0.005768 1 263 19 293
Sea_cucumber 0.008546 122 86 157 111
Sea_cucumber 0.009917 397 392 415 416
Sea_cucumber 0.010683 408 396 415 413
Sea_cucumber 0.010692 400 0 414 115
Sea_cucumber 0.020847 409 2 415 20
Sea_cucumber 0.779500 398 66 415 137
Sea_cucumber 0.866165 366 367 412 416
