Sea_cucumber 0.000052 176 0 234 6
Sea_cucumber 0.000062 0 154 6 176
Sea_cucumber 0.000067 1 100 9 149
Sea_cucumber 0.000084 0 134 7 178
Sea_cucumber 0.000112 175 0 200 5
Sea_cucumber 0.000116 0 119 24 181
Sea_cucumber 0.000118 413 382 416 410
Sea_cucumber 0.000119 410 375 415 416
Sea_cucumber 0.000145 0 0 6 6
Sea_cucumber 0.000148 408 1 415 7
Sea_cucumber 0.000166 372 409 416 415
Sea_cucumber 0.000186 388 395 415 415
Sea_cucumber 0.000227 2 412 20 415
Sea_cucumber 0.000275 135 191 168 240
Sea_cucumber 0.000389 412 396 416 413
Sea_cucumber 0.000481 395 412 414 416
Sea_cucumber 0.000552 1 410 8 415
Sea_cucumber 0.002199 411 409 415 415
Sea_cucumber 0.007732 0 66 37 150
Sea_cucumber 0.613382 0 117 37 149
