Sea_cucumber 0.000017 388 395 415 414
Sea_cucumber 0.000018 393 0 415 4
Sea_cucumber 0.000018 1 373 7 416
Sea_cucumber 0.000019 11 413 28 415
Sea_cucumber 0.000020 413 6 416 32
Sea_cucumber 0.000021 0 0 6 6
Sea_cucumber 0.000021 315 367 350 392
Sea_cucumber 0.000034 370 409 416 415
Sea_cucumber 0.000045 412 1 415 22
Sea_cucumber 0.000065 1 397 6 413
Sea_cucumber 0.000067 2 411 20 415
Sea_cucumber 0.000068 409 0 415 6
Sea_cucumber 0.000069 409 377 416 415
Sea_cucumber 0.000071 383 412 409 415
Sea_cucumber 0.000133 412 341 416 354
Sea_cucumber 0.000135 394 411 414 415
Sea_cucumber 0.000155 412 384 416 409
Sea_cucumber 0.000263 1 409 8 415
Sea_cucumber 0.000607 411 406 416 415
Sea_cucumber 0.000934 411 398 416 411
