Sea_cucumber 0.000417 0 0 6 8
Sea_cucumber 0.000421 407 335 415 376
Sea_cucumber 0.000435 409 0 416 8
Sea_cucumber 0.000456 283 51 300 66
Sea_cucumber 0.000546 201 408 255 416
Sea_cucumber 0.000617 86 0 110 4
Sea_cucumber 0.000646 409 409 415 415
Sea_cucumber 0.000721 408 356 415 373
Sea_cucumber 0.000724 412 319 416 343
Sea_cucumber 0.000758 0 408 8 416
Sea_cucumber 0.000935 409 315 415 364
Sea_cucumber 0.001054 70 0 114 6
Sea_cucumber 0.001397 1 193 6 211
Sea_cucumber 0.002416 0 190 9 204
Sea_cucumber 0.003256 199 12 224 34
Sea_cucumber 0.005841 280 39 307 64
Sea_cucumber 0.034174 221 89 250 118
Sea_cucumber 0.428792 236 94 251 119
Sea_cucumber 0.641810 201 14 230 55
Sea_cucumber 0.860927 204 380 251 395
