Sea_cucumber 0.009704 108 407 122 415
Sea_cucumber 0.010982 409 30 415 41
Sea_cucumber 0.011196 410 130 416 195
Sea_cucumber 0.012796 108 397 120 414
Sea_cucumber 0.013000 92 408 110 416
Sea_cucumber 0.014464 101 406 116 415
Sea_cucumber 0.028446 171 349 202 377
Sea_cucumber 0.038076 105 395 141 416
Sea_cucumber 0.048715 410 126 415 154
Sea_cucumber 0.112814 390 61 414 87
Sea_cucumber 0.128885 408 117 415 162
Sea_cucumber 0.311093 100 393 117 416
Sea_cucumber 0.320518 174 362 222 411
Sea_cucumber 0.398040 61 129 76 202
Sea_cucumber 0.521753 135 342 178 366
Sea_cucumber 0.751077 1 193 25 247
Sea_cucumber 0.881133 173 292 203 318
Sea_cucumber 0.966228 187 342 243 402
Sea_cucumber 0.982813 375 259 415 282
Sea_cucumber 0.990076 100 28 146 93
