Sea_cucumber 0.000290 2 410 22 416
Sea_cucumber 0.000297 0 265 7 287
Sea_cucumber 0.000297 274 411 290 415
Sea_cucumber 0.000311 278 20 286 35
Sea_cucumber 0.000352 0 408 9 416
Sea_cucumber 0.000380 0 239 23 290
Sea_cucumber 0.000409 0 158 18 188
Sea_cucumber 0.000442 0 256 10 295
Sea_cucumber 0.000521 0 255 5 280
Sea_cucumber 0.000590 197 0 227 4
Sea_cucumber 0.000732 268 409 286 416
Sea_cucumber 0.000833 0 173 7 233
Sea_cucumber 0.001055 0 175 18 254
Sea_cucumber 0.001296 0 241 9 278
Sea_cucumber 0.002057 1 169 6 192
Sea_cucumber 0.003273 0 244 7 261
Sea_cucumber 0.003741 1 163 10 198
Sea_cucumber 0.005891 0 163 4 179
Sea_cucumber 0.013166 1 242 26 263
Sea_cucumber 0.015903 0 174 18 200
