Sea_cucumber 0.001989 406 1 416 8
Sea_cucumber 0.002163 282 1 305 8
Sea_cucumber 0.002184 246 219 275 278
Sea_cucumber 0.002534 407 5 415 20
Sea_cucumber 0.002535 408 9 415 30
Sea_cucumber 0.004720 297 0 332 20
Sea_cucumber 0.005698 275 0 309 12
Sea_cucumber 0.006084 60 114 94 135
Sea_cucumber 0.007057 67 205 81 233
Sea_cucumber 0.007666 366 35 393 82
Sea_cucumber 0.010639 68 71 83 99
Sea_cucumber 0.011453 297 0 314 15
Sea_cucumber 0.012014 251 209 282 230
Sea_cucumber 0.015100 61 98 76 130
Sea_cucumber 0.015691 397 5 414 34
Sea_cucumber 0.055007 382 120 398 161
Sea_cucumber 0.204176 296 0 308 12
Sea_cucumber 0.318628 62 78 77 121
Sea_cucumber 0.407803 381 35 392 68
Sea_cucumber 0.707362 244 256 261 280
