Sea_cucumber 0.000577 409 360 415 416
Sea_cucumber 0.000643 1 410 7 415
Sea_cucumber 0.000660 0 0 6 8
Sea_cucumber 0.000699 0 1 5 22
Sea_cucumber 0.000743 407 0 415 6
Sea_cucumber 0.000774 392 0 416 5
Sea_cucumber 0.000829 360 409 416 415
Sea_cucumber 0.000985 405 390 416 416
Sea_cucumber 0.001438 388 396 416 415
Sea_cucumber 0.001911 408 398 415 414
Sea_cucumber 0.002186 383 411 411 416
Sea_cucumber 0.003067 1 101 8 147
Sea_cucumber 0.003577 3 106 18 143
Sea_cucumber 0.011288 405 407 415 415
Sea_cucumber 0.023519 395 408 415 415
Sea_cucumber 0.568237 3 112 56 164
Sea_cucumber 0.905193 231 166 262 213
Sea_cucumber 0.973765 29 88 70 160
Sea_cucumber 0.996413 362 171 409 259
Sea_cucumber 0.998415 207 351 244 404
