Sea_cucumber 0.000205 394 412 414 416
Sea_cucumber 0.000211 64 408 120 415
Sea_cucumber 0.000224 395 1 415 5
Sea_cucumber 0.000245 113 409 166 416
Sea_cucumber 0.000281 407 0 414 6
Sea_cucumber 0.000302 0 301 4 332
Sea_cucumber 0.000302 409 132 414 146
Sea_cucumber 0.000303 0 396 7 413
Sea_cucumber 0.000332 128 411 202 415
Sea_cucumber 0.000346 410 409 415 415
Sea_cucumber 0.000401 0 282 6 334
Sea_cucumber 0.000477 97 411 118 415
Sea_cucumber 0.000480 128 412 152 416
Sea_cucumber 0.000490 2 410 20 415
Sea_cucumber 0.000494 0 323 5 387
Sea_cucumber 0.000739 94 395 138 416
Sea_cucumber 0.000850 0 407 9 416
Sea_cucumber 0.000883 91 407 141 415
Sea_cucumber 0.000977 0 317 3 346
Sea_cucumber 0.001473 0 305 5 358
