Sea_cucumber 0.000128 225 162 243 186
Sea_cucumber 0.000140 62 0 88 3
Sea_cucumber 0.000145 2 0 18 6
Sea_cucumber 0.000149 41 0 79 7
Sea_cucumber 0.000169 408 300 415 318
Sea_cucumber 0.000178 0 2 6 19
Sea_cucumber 0.000180 308 0 356 8
Sea_cucumber 0.000180 319 408 360 415
Sea_cucumber 0.000191 0 409 7 415
Sea_cucumber 0.000205 300 185 331 211
Sea_cucumber 0.000279 312 0 335 5
Sea_cucumber 0.000281 34 412 53 415
Sea_cucumber 0.000319 394 410 413 416
Sea_cucumber 0.000491 309 0 338 21
Sea_cucumber 0.000634 411 52 416 98
Sea_cucumber 0.000668 329 410 352 415
Sea_cucumber 0.000705 0 0 8 8
Sea_cucumber 0.002172 51 0 70 4
Sea_cucumber 0.002772 413 57 416 79
Sea_cucumber 0.003135 295 197 325 214
