Sea_cucumber 0.001182 0 300 7 317
Sea_cucumber 0.001369 185 408 206 415
Sea_cucumber 0.002115 276 73 325 92
Sea_cucumber 0.002250 0 316 7 363
Sea_cucumber 0.002770 0 0 9 8
Sea_cucumber 0.003255 285 68 331 84
Sea_cucumber 0.003307 0 80 6 117
Sea_cucumber 0.003474 264 44 296 111
Sea_cucumber 0.005210 0 184 4 207
Sea_cucumber 0.007477 0 181 6 225
Sea_cucumber 0.009614 0 88 4 110
Sea_cucumber 0.520783 293 54 343 77
Sea_cucumber 0.553731 0 0 46 35
Sea_cucumber 0.766363 262 66 338 114
Sea_cucumber 0.899960 179 127 224 171
Sea_cucumber 0.980835 311 254 341 331
Sea_cucumber 0.984416 22 173 91 221
Sea_cucumber 0.994124 304 335 364 397
Sea_cucumber 0.995730 80 317 108 390
Sea_cucumber 0.998563 147 189 198 236
