Sea_cucumber 0.000214 0 409 9 415
Sea_cucumber 0.000249 272 410 344 415
Sea_cucumber 0.000257 351 0 393 6
Sea_cucumber 0.000270 156 171 172 205
Sea_cucumber 0.000284 0 1 19 8
Sea_cucumber 0.000326 383 0 407 4
Sea_cucumber 0.000390 412 363 416 381
Sea_cucumber 0.000470 140 191 147 220
Sea_cucumber 0.000610 370 0 407 7
Sea_cucumber 0.001052 6 38 32 52
Sea_cucumber 0.001076 0 4 7 15
Sea_cucumber 0.001104 0 202 3 221
Sea_cucumber 0.001212 143 185 163 221
Sea_cucumber 0.001441 104 0 127 6
Sea_cucumber 0.002056 138 44 156 65
Sea_cucumber 0.002152 372 0 389 4
Sea_cucumber 0.005725 0 2 9 10
Sea_cucumber 0.006222 142 200 151 219
Sea_cucumber 0.006644 148 173 176 219
Sea_cucumber 0.137777 140 177 153 219
