Sea_cucumber 0.001301 1 370 51 408
Sea_cucumber 0.001389 184 10 196 29
Sea_cucumber 0.001469 5 80 45 126
Sea_cucumber 0.002018 181 1 211 24
Sea_cucumber 0.002100 310 110 332 119
Sea_cucumber 0.003194 377 0 415 22
Sea_cucumber 0.003401 395 0 415 8
Sea_cucumber 0.003869 409 409 415 415
Sea_cucumber 0.013654 186 4 201 33
Sea_cucumber 0.014826 125 40 138 67
Sea_cucumber 0.039726 347 111 381 141
Sea_cucumber 0.095242 347 119 365 144
Sea_cucumber 0.174265 26 82 41 121
Sea_cucumber 0.471954 323 75 336 108
Sea_cucumber 0.684535 3 365 49 384
Sea_cucumber 0.703733 275 293 305 322
Sea_cucumber 0.740751 35 388 97 404
Sea_cucumber 0.834716 202 101 228 147
Sea_cucumber 0.856968 136 236 179 272
Sea_cucumber 0.991800 127 152 163 220
