Sea_cucumber 0.000058 27 0 76 6
Sea_cucumber 0.000079 1 410 7 415
Sea_cucumber 0.000106 396 411 414 416
Sea_cucumber 0.000126 399 367 415 395
Sea_cucumber 0.000138 0 44 3 60
Sea_cucumber 0.000140 24 0 49 2
Sea_cucumber 0.000244 399 379 415 413
Sea_cucumber 0.000247 197 408 243 415
Sea_cucumber 0.000259 229 412 258 416
Sea_cucumber 0.000285 207 411 235 416
Sea_cucumber 0.000289 409 408 415 416
Sea_cucumber 0.000296 409 394 415 413
Sea_cucumber 0.000341 220 408 269 415
Sea_cucumber 0.000372 13 73 30 98
Sea_cucumber 0.000428 408 355 416 390
Sea_cucumber 0.000495 410 364 416 383
Sea_cucumber 0.000874 410 385 415 406
Sea_cucumber 0.001475 219 409 238 415
Sea_cucumber 0.002840 406 372 416 403
Sea_cucumber 0.004973 408 373 416 388
