Sea_cucumber 0.000071 414 113 416 133
Sea_cucumber 0.000091 295 204 358 237
Sea_cucumber 0.000091 59 0 92 2
Sea_cucumber 0.000093 3 412 20 415
Sea_cucumber 0.000098 345 0 399 7
Sea_cucumber 0.000099 395 413 413 416
Sea_cucumber 0.000113 0 0 7 7
Sea_cucumber 0.000127 23 0 79 5
Sea_cucumber 0.000141 381 0 412 4
Sea_cucumber 0.000163 411 410 415 415
Sea_cucumber 0.000174 389 0 416 21
Sea_cucumber 0.000191 412 7 415 32
Sea_cucumber 0.000222 0 410 8 415
Sea_cucumber 0.000277 408 0 415 41
Sea_cucumber 0.000495 373 0 416 8
Sea_cucumber 0.000555 397 1 414 39
Sea_cucumber 0.000619 393 0 416 6
Sea_cucumber 0.000623 412 1 416 21
Sea_cucumber 0.000996 50 0 70 2
Sea_cucumber 0.001144 409 0 415 7
