Sea_cucumber 0.000512 0 147 8 180
Sea_cucumber 0.000519 227 306 275 386
Sea_cucumber 0.000522 395 316 415 377
Sea_cucumber 0.000578 242 352 275 373
Sea_cucumber 0.000586 144 411 169 416
Sea_cucumber 0.000615 412 151 416 175
Sea_cucumber 0.000656 3 8 21 31
Sea_cucumber 0.000706 409 120 415 175
Sea_cucumber 0.000743 282 310 340 347
Sea_cucumber 0.000817 0 129 8 167
Sea_cucumber 0.000861 0 55 5 80
Sea_cucumber 0.000993 290 326 326 342
Sea_cucumber 0.001228 0 48 8 88
Sea_cucumber 0.001259 408 318 415 332
Sea_cucumber 0.002285 407 320 415 360
Sea_cucumber 0.002428 268 27 297 47
Sea_cucumber 0.004427 382 356 413 374
Sea_cucumber 0.007574 0 151 8 163
Sea_cucumber 0.013662 258 313 271 354
Sea_cucumber 0.240407 246 316 273 364
