Sea_cucumber 0.000373 329 27 390 74
Sea_cucumber 0.000509 338 39 355 50
Sea_cucumber 0.000528 0 192 18 278
Sea_cucumber 0.000571 409 0 416 6
Sea_cucumber 0.000629 1 232 11 275
Sea_cucumber 0.001017 1 252 10 271
Sea_cucumber 0.001161 278 0 322 6
Sea_cucumber 0.001465 0 250 22 309
Sea_cucumber 0.001809 5 258 18 274
Sea_cucumber 0.002710 267 45 330 60
Sea_cucumber 0.003404 296 0 318 4
Sea_cucumber 0.014109 357 32 375 52
Sea_cucumber 0.049820 326 41 357 57
Sea_cucumber 0.100728 253 41 368 62
Sea_cucumber 0.592041 243 44 307 58
Sea_cucumber 0.689521 326 34 371 54
Sea_cucumber 0.812118 0 248 20 275
Sea_cucumber 0.855739 210 154 256 173
Sea_cucumber 0.887466 227 237 257 278
Sea_cucumber 0.992233 368 28 403 74
