Sea_cucumber 0.000248 214 0 273 6
Sea_cucumber 0.000255 2 409 55 416
Sea_cucumber 0.000275 395 412 414 416
Sea_cucumber 0.000314 408 0 415 6
Sea_cucumber 0.000315 0 0 7 6
Sea_cucumber 0.000330 0 393 18 416
Sea_cucumber 0.000409 1 387 6 407
Sea_cucumber 0.000424 408 322 415 373
Sea_cucumber 0.000433 2 410 20 415
Sea_cucumber 0.000563 81 412 104 416
Sea_cucumber 0.000570 232 0 255 3
Sea_cucumber 0.000599 0 407 9 416
Sea_cucumber 0.000619 410 409 416 416
Sea_cucumber 0.001522 403 285 416 370
Sea_cucumber 0.001526 1 395 9 412
Sea_cucumber 0.001863 413 271 416 298
Sea_cucumber 0.002012 412 297 416 333
Sea_cucumber 0.003641 411 254 416 314
Sea_cucumber 0.031129 411 287 415 312
Sea_cucumber 0.045518 409 283 416 333
