Sea_cucumber 0.000298 333 0 361 6
Sea_cucumber 0.000314 0 301 8 315
Sea_cucumber 0.000337 0 140 7 187
Sea_cucumber 0.000364 0 144 6 167
Sea_cucumber 0.000407 88 211 149 247
Sea_cucumber 0.000564 238 234 253 258
Sea_cucumber 0.000576 410 290 416 310
Sea_cucumber 0.000695 314 1 335 7
Sea_cucumber 0.000738 1 126 9 168
Sea_cucumber 0.000820 323 0 392 21
Sea_cucumber 0.000858 236 238 251 277
Sea_cucumber 0.000971 330 0 381 9
Sea_cucumber 0.001091 300 0 330 4
Sea_cucumber 0.001572 304 0 344 19
Sea_cucumber 0.001649 89 218 128 240
Sea_cucumber 0.002041 294 0 337 9
Sea_cucumber 0.003698 287 0 313 5
Sea_cucumber 0.004944 239 239 264 264
Sea_cucumber 0.005745 326 1 341 11
Sea_cucumber 0.056878 325 0 355 19
