Sea_cucumber 0.000259 408 0 415 6
Sea_cucumber 0.000299 59 313 75 339
Sea_cucumber 0.000305 0 328 6 383
Sea_cucumber 0.000333 0 215 4 241
Sea_cucumber 0.000334 126 376 152 399
Sea_cucumber 0.000364 0 284 6 332
Sea_cucumber 0.000445 0 197 7 242
Sea_cucumber 0.000465 166 396 210 416
Sea_cucumber 0.000513 0 44 3 60
Sea_cucumber 0.000685 89 147 143 190
Sea_cucumber 0.000804 202 408 253 416
Sea_cucumber 0.000868 0 302 4 330
Sea_cucumber 0.000956 0 0 6 7
Sea_cucumber 0.001159 175 407 217 415
Sea_cucumber 0.001408 262 328 290 355
Sea_cucumber 0.002129 208 409 229 416
Sea_cucumber 0.002164 90 152 126 178
Sea_cucumber 0.003801 0 310 7 353
Sea_cucumber 0.004365 0 318 4 345
Sea_cucumber 0.006533 201 408 221 416
