Sea_cucumber 0.001137 102 267 138 320
Sea_cucumber 0.001236 104 397 158 415
Sea_cucumber 0.001305 0 0 7 8
Sea_cucumber 0.001623 108 410 138 416
Sea_cucumber 0.001708 406 282 415 318
Sea_cucumber 0.001795 90 375 151 411
Sea_cucumber 0.001827 410 291 415 310
Sea_cucumber 0.002084 405 299 415 331
Sea_cucumber 0.002538 383 303 414 327
Sea_cucumber 0.002577 222 362 239 385
Sea_cucumber 0.003658 408 299 415 317
Sea_cucumber 0.006018 92 263 155 278
Sea_cucumber 0.006215 93 360 109 385
Sea_cucumber 0.006342 78 407 122 415
Sea_cucumber 0.006641 101 407 147 416
Sea_cucumber 0.009919 390 299 415 355
Sea_cucumber 0.015869 99 408 119 416
Sea_cucumber 0.026462 396 296 415 322
Sea_cucumber 0.627928 99 263 161 299
Sea_cucumber 0.654136 12 38 61 62
