Sea_cucumber 0.000416 0 397 6 413
Sea_cucumber 0.000431 85 180 112 198
Sea_cucumber 0.000435 407 407 415 416
Sea_cucumber 0.000516 180 177 216 197
Sea_cucumber 0.000621 407 218 416 255
Sea_cucumber 0.000629 407 250 415 268
Sea_cucumber 0.000724 406 260 415 276
Sea_cucumber 0.000936 381 235 412 257
Sea_cucumber 0.000949 396 254 413 266
Sea_cucumber 0.000984 404 251 416 283
Sea_cucumber 0.001034 0 408 8 415
Sea_cucumber 0.001267 134 337 159 357
Sea_cucumber 0.001357 408 268 416 284
Sea_cucumber 0.001507 393 249 416 308
Sea_cucumber 0.002044 134 160 166 182
Sea_cucumber 0.011626 383 238 413 287
Sea_cucumber 0.060451 389 254 415 280
Sea_cucumber 0.071695 404 242 416 258
Sea_cucumber 0.150472 396 240 416 264
Sea_cucumber 0.267779 15 130 58 154
