Sea_cucumber 0.000293 408 93 415 139
Sea_cucumber 0.000323 393 0 416 4
Sea_cucumber 0.000349 386 377 396 395
Sea_cucumber 0.000353 393 327 416 399
Sea_cucumber 0.000353 369 359 415 402
Sea_cucumber 0.000390 407 0 415 5
Sea_cucumber 0.000429 120 192 146 212
Sea_cucumber 0.000579 409 396 415 410
Sea_cucumber 0.000580 409 408 416 416
Sea_cucumber 0.000594 408 115 414 136
Sea_cucumber 0.000645 181 76 210 92
Sea_cucumber 0.000661 382 411 409 416
Sea_cucumber 0.000722 397 396 415 409
Sea_cucumber 0.000952 392 410 416 416
Sea_cucumber 0.001352 397 115 416 137
Sea_cucumber 0.001637 396 388 413 403
Sea_cucumber 0.001677 373 407 416 416
Sea_cucumber 0.006531 21 244 39 265
Sea_cucumber 0.009080 390 390 416 415
Sea_cucumber 0.845397 389 374 415 403
