Sea_cucumber 0.000211 0 235 6 253
Sea_cucumber 0.000222 57 0 111 6
Sea_cucumber 0.000225 0 6 8 21
Sea_cucumber 0.000231 214 143 244 167
Sea_cucumber 0.000233 202 406 255 415
Sea_cucumber 0.000238 395 411 415 416
Sea_cucumber 0.000239 0 149 4 178
Sea_cucumber 0.000247 0 239 6 296
Sea_cucumber 0.000253 0 120 5 175
Sea_cucumber 0.000262 0 273 6 327
Sea_cucumber 0.000265 411 396 416 414
Sea_cucumber 0.000314 0 145 6 198
Sea_cucumber 0.000420 0 305 20 328
Sea_cucumber 0.000450 1 306 7 326
Sea_cucumber 0.000624 57 0 80 3
Sea_cucumber 0.000670 410 408 415 415
Sea_cucumber 0.000698 1 13 9 25
Sea_cucumber 0.000987 229 396 258 414
Sea_cucumber 0.032101 57 261 82 279
Sea_cucumber 0.997361 100 179 148 234
