Sea_cucumber 0.000598 410 408 416 416
Sea_cucumber 0.000642 393 411 416 416
Sea_cucumber 0.000695 71 0 95 6
Sea_cucumber 0.000761 339 408 404 416
Sea_cucumber 0.000790 362 0 381 3
Sea_cucumber 0.000796 372 408 416 416
Sea_cucumber 0.000955 0 324 7 340
Sea_cucumber 0.001168 62 0 77 6
Sea_cucumber 0.001339 278 155 319 171
Sea_cucumber 0.001371 409 316 415 347
Sea_cucumber 0.001417 129 0 151 3
Sea_cucumber 0.001572 70 408 130 416
Sea_cucumber 0.002694 68 0 82 7
Sea_cucumber 0.004116 406 320 415 373
Sea_cucumber 0.564798 68 103 104 128
Sea_cucumber 0.760944 332 382 409 397
Sea_cucumber 0.765223 136 332 186 353
Sea_cucumber 0.793112 280 15 303 72
Sea_cucumber 0.795988 400 309 415 344
Sea_cucumber 0.842467 270 159 295 179
