Sea_cucumber 0.000042 299 410 364 415
Sea_cucumber 0.000044 318 413 346 415
Sea_cucumber 0.000045 120 412 142 416
Sea_cucumber 0.000046 337 396 375 414
Sea_cucumber 0.000047 85 413 115 416
Sea_cucumber 0.000052 409 297 416 336
Sea_cucumber 0.000091 407 323 415 371
Sea_cucumber 0.000093 0 289 52 334
Sea_cucumber 0.000103 0 410 7 416
Sea_cucumber 0.000110 330 412 351 415
Sea_cucumber 0.000111 84 408 132 415
Sea_cucumber 0.000123 410 0 415 6
Sea_cucumber 0.000138 396 331 415 365
Sea_cucumber 0.000145 101 396 130 415
Sea_cucumber 0.000157 411 304 416 327
Sea_cucumber 0.000192 337 410 358 415
Sea_cucumber 0.000207 97 411 121 416
Sea_cucumber 0.000376 14 297 45 319
Sea_cucumber 0.000422 409 320 415 344
Sea_cucumber 0.000597 107 410 126 415
