Sea_cucumber 0.000222 411 131 416 148
Sea_cucumber 0.000226 103 156 132 185
Sea_cucumber 0.000244 372 409 416 416
Sea_cucumber 0.000254 56 0 96 20
Sea_cucumber 0.000280 412 124 416 140
Sea_cucumber 0.000288 1 411 8 416
Sea_cucumber 0.000295 0 0 7 6
Sea_cucumber 0.000376 411 395 416 414
Sea_cucumber 0.000437 17 0 87 7
Sea_cucumber 0.000509 412 205 416 219
Sea_cucumber 0.000519 101 148 116 179
Sea_cucumber 0.000710 395 412 414 416
Sea_cucumber 0.000785 409 1 415 8
Sea_cucumber 0.000812 412 2 416 21
Sea_cucumber 0.001730 84 0 113 4
Sea_cucumber 0.001910 77 0 122 8
Sea_cucumber 0.002017 63 0 91 4
Sea_cucumber 0.002043 409 409 415 415
Sea_cucumber 0.003084 54 0 98 7
Sea_cucumber 0.016966 78 0 92 6
