Sea_cucumber 0.000180 370 0 416 8
Sea_cucumber 0.000219 343 410 401 415
Sea_cucumber 0.000234 0 0 7 6
Sea_cucumber 0.000260 411 171 415 236
Sea_cucumber 0.000276 409 372 415 416
Sea_cucumber 0.000296 253 412 282 416
Sea_cucumber 0.000304 411 26 416 92
Sea_cucumber 0.000325 413 27 416 59
Sea_cucumber 0.000332 395 1 416 7
Sea_cucumber 0.000363 222 410 282 416
Sea_cucumber 0.000410 251 410 318 415
Sea_cucumber 0.000440 413 2 416 36
Sea_cucumber 0.000495 369 409 416 415
Sea_cucumber 0.000506 394 412 415 415
Sea_cucumber 0.000605 2 412 21 415
Sea_cucumber 0.000950 1 410 7 415
Sea_cucumber 0.001128 410 409 415 415
Sea_cucumber 0.001240 411 0 416 61
Sea_cucumber 0.002947 411 1 415 21
Sea_cucumber 0.003392 410 0 415 9
