Sea_cucumber 0.000530 0 303 6 361
Sea_cucumber 0.000579 381 321 412 342
Sea_cucumber 0.000627 191 183 218 211
Sea_cucumber 0.000636 355 410 372 416
Sea_cucumber 0.000654 394 0 416 4
Sea_cucumber 0.000722 351 128 400 171
Sea_cucumber 0.000743 0 0 5 10
Sea_cucumber 0.000755 410 164 415 179
Sea_cucumber 0.000816 1 348 9 367
Sea_cucumber 0.000850 0 409 8 416
Sea_cucumber 0.000910 0 2 4 22
Sea_cucumber 0.001030 407 0 415 5
Sea_cucumber 0.002187 45 10 73 26
Sea_cucumber 0.002234 1 324 10 372
Sea_cucumber 0.003699 1 364 10 411
Sea_cucumber 0.005289 354 147 388 168
Sea_cucumber 0.010085 0 364 13 377
Sea_cucumber 0.018222 0 316 19 372
Sea_cucumber 0.025372 0 364 18 394
Sea_cucumber 0.482303 0 353 20 376
