Sea_cucumber 0.000192 0 0 9 6
Sea_cucumber 0.000201 121 410 175 416
Sea_cucumber 0.000204 2 152 33 179
Sea_cucumber 0.000218 1 411 21 415
Sea_cucumber 0.000247 0 106 6 174
Sea_cucumber 0.000275 131 412 163 416
Sea_cucumber 0.000292 339 294 357 302
Sea_cucumber 0.000336 98 408 150 415
Sea_cucumber 0.000423 1 154 9 176
Sea_cucumber 0.000515 264 279 288 288
Sea_cucumber 0.000574 86 410 112 415
Sea_cucumber 0.000576 1 165 10 209
Sea_cucumber 0.000726 120 411 145 416
Sea_cucumber 0.000800 1 409 7 415
Sea_cucumber 0.001288 0 154 20 216
Sea_cucumber 0.001369 1 133 11 180
Sea_cucumber 0.002607 295 245 324 264
Sea_cucumber 0.004424 1 166 12 180
Sea_cucumber 0.016345 0 122 19 182
Sea_cucumber 0.096941 0 162 20 182
