Sea_cucumber 0.000018 278 413 305 415
Sea_cucumber 0.000018 0 0 3 21
Sea_cucumber 0.000019 8 413 30 415
Sea_cucumber 0.000019 213 34 246 83
Sea_cucumber 0.000020 1 357 5 416
Sea_cucumber 0.000021 411 398 415 412
Sea_cucumber 0.000022 1 0 22 5
Sea_cucumber 0.000022 2 71 7 129
Sea_cucumber 0.000022 331 0 397 5
Sea_cucumber 0.000025 4 156 36 213
Sea_cucumber 0.000025 171 289 226 336
Sea_cucumber 0.000029 385 413 408 416
Sea_cucumber 0.000031 1 350 53 400
Sea_cucumber 0.000033 359 0 386 3
Sea_cucumber 0.000034 409 1 415 8
Sea_cucumber 0.000048 2 412 21 415
Sea_cucumber 0.000085 394 412 414 415
Sea_cucumber 0.000089 0 410 7 415
Sea_cucumber 0.000097 0 0 6 7
Sea_cucumber 0.000153 410 409 415 415
