Sea_cucumber 0.001014 411 177 416 198
Sea_cucumber 0.001037 0 163 6 178
Sea_cucumber 0.001426 408 101 415 116
Sea_cucumber 0.001531 310 406 354 415
Sea_cucumber 0.001542 0 158 7 171
Sea_cucumber 0.001757 396 87 416 115
Sea_cucumber 0.001815 342 396 355 413
Sea_cucumber 0.002285 142 410 203 415
Sea_cucumber 0.002432 175 408 215 416
Sea_cucumber 0.002598 165 412 196 415
Sea_cucumber 0.002948 168 96 210 114
Sea_cucumber 0.003109 383 97 414 118
Sea_cucumber 0.003562 303 369 354 412
Sea_cucumber 0.004661 193 411 212 416
Sea_cucumber 0.004753 397 100 415 130
Sea_cucumber 0.004929 340 391 370 415
Sea_cucumber 0.017958 177 410 200 415
Sea_cucumber 0.020463 325 393 354 415
Sea_cucumber 0.030137 300 354 348 395
Sea_cucumber 0.312960 168 85 234 112
