Sea_cucumber 0.000286 109 156 168 190
Sea_cucumber 0.000305 266 413 286 416
Sea_cucumber 0.000342 1 412 23 415
Sea_cucumber 0.000368 72 411 144 416
Sea_cucumber 0.000403 0 410 8 415
Sea_cucumber 0.000413 0 0 45 8
Sea_cucumber 0.000550 71 413 97 416
Sea_cucumber 0.000557 66 287 82 313
Sea_cucumber 0.000607 0 0 5 20
Sea_cucumber 0.000887 0 0 21 6
Sea_cucumber 0.001601 34 230 79 279
Sea_cucumber 0.004048 49 117 118 134
Sea_cucumber 0.004350 0 0 8 8
Sea_cucumber 0.015870 173 76 200 97
Sea_cucumber 0.104392 175 75 226 112
Sea_cucumber 0.369940 60 231 80 286
Sea_cucumber 0.487257 6 16 34 59
Sea_cucumber 0.595731 117 362 150 395
Sea_cucumber 0.872787 200 282 257 299
Sea_cucumber 0.985555 49 115 114 167
