Sea_cucumber 0.002241 410 360 415 384
Sea_cucumber 0.002266 396 221 416 232
Sea_cucumber 0.002274 123 409 140 416
Sea_cucumber 0.002315 13 161 45 180
Sea_cucumber 0.002390 389 241 415 259
Sea_cucumber 0.002913 112 393 124 413
Sea_cucumber 0.003243 276 307 290 338
Sea_cucumber 0.003842 347 360 362 386
Sea_cucumber 0.005336 0 395 9 411
Sea_cucumber 0.005941 397 222 416 249
Sea_cucumber 0.012554 89 391 127 416
Sea_cucumber 0.014407 223 328 237 350
Sea_cucumber 0.017455 62 392 91 413
Sea_cucumber 0.026544 16 158 57 173
Sea_cucumber 0.046778 378 238 413 253
Sea_cucumber 0.073351 176 237 200 290
Sea_cucumber 0.113718 379 241 399 251
Sea_cucumber 0.117509 188 250 199 288
Sea_cucumber 0.426925 115 389 131 416
Sea_cucumber 0.548985 1 384 17 410
