Sea_cucumber 0.009588 158 74 186 94
Sea_cucumber 0.009641 1 359 11 373
Sea_cucumber 0.011584 370 365 414 409
Sea_cucumber 0.011604 0 361 20 416
Sea_cucumber 0.020096 32 409 71 416
Sea_cucumber 0.020289 158 222 175 246
Sea_cucumber 0.021686 266 321 301 342
Sea_cucumber 0.022206 412 388 416 405
Sea_cucumber 0.024086 1 85 11 100
Sea_cucumber 0.025363 0 81 17 105
Sea_cucumber 0.034422 351 234 363 251
Sea_cucumber 0.055226 43 410 64 415
Sea_cucumber 0.068531 267 213 283 244
Sea_cucumber 0.095181 253 222 280 247
Sea_cucumber 0.134108 388 365 415 393
Sea_cucumber 0.345937 0 359 20 382
Sea_cucumber 0.366801 101 329 127 371
Sea_cucumber 0.517119 239 71 269 113
Sea_cucumber 0.653692 38 7 99 37
Sea_cucumber 0.838179 250 294 304 309
