Sea_cucumber 0.000215 0 396 5 414
Sea_cucumber 0.000246 412 80 416 102
Sea_cucumber 0.000311 410 298 415 313
Sea_cucumber 0.000348 413 67 416 87
Sea_cucumber 0.000355 396 411 413 416
Sea_cucumber 0.000432 0 411 21 415
Sea_cucumber 0.000441 397 268 416 303
Sea_cucumber 0.000578 406 277 415 307
Sea_cucumber 0.000642 67 409 82 415
Sea_cucumber 0.000955 410 409 415 416
Sea_cucumber 0.001039 412 77 416 90
Sea_cucumber 0.001108 129 316 171 360
Sea_cucumber 0.001277 49 409 71 416
Sea_cucumber 0.001365 145 307 164 320
Sea_cucumber 0.001630 46 393 76 416
Sea_cucumber 0.001666 0 409 7 415
Sea_cucumber 0.001776 59 408 77 415
Sea_cucumber 0.004831 399 292 415 305
Sea_cucumber 0.019133 93 133 109 148
Sea_cucumber 0.821728 135 322 158 354
