Sea_cucumber 0.000159 25 176 48 187
Sea_cucumber 0.000162 0 17 5 69
Sea_cucumber 0.000195 0 86 6 129
Sea_cucumber 0.000196 0 9 4 32
Sea_cucumber 0.000205 32 413 55 416
Sea_cucumber 0.000223 0 0 9 6
Sea_cucumber 0.000247 123 302 176 318
Sea_cucumber 0.000254 0 0 7 40
Sea_cucumber 0.000325 0 412 23 416
Sea_cucumber 0.000343 246 396 274 413
Sea_cucumber 0.000382 0 97 4 118
Sea_cucumber 0.000410 103 413 127 416
Sea_cucumber 0.000633 1 411 8 416
Sea_cucumber 0.000800 251 345 276 410
Sea_cucumber 0.000925 0 20 4 38
Sea_cucumber 0.001263 10 181 26 213
Sea_cucumber 0.005232 12 178 46 197
Sea_cucumber 0.045099 9 184 20 235
Sea_cucumber 0.563545 10 178 35 234
Sea_cucumber 0.965784 128 301 183 336
