Sea_cucumber 0.000939 0 398 8 412
Sea_cucumber 0.000959 104 0 159 10
Sea_cucumber 0.000994 250 218 300 234
Sea_cucumber 0.001145 66 0 102 12
Sea_cucumber 0.001174 90 0 112 9
Sea_cucumber 0.001469 412 295 416 320
Sea_cucumber 0.001517 61 357 77 389
Sea_cucumber 0.001731 0 407 10 415
Sea_cucumber 0.001982 68 112 87 136
Sea_cucumber 0.002386 31 335 51 360
Sea_cucumber 0.002402 249 410 272 415
Sea_cucumber 0.002425 411 212 416 226
Sea_cucumber 0.003579 408 286 415 330
Sea_cucumber 0.003832 82 0 119 13
Sea_cucumber 0.004235 60 0 94 24
Sea_cucumber 0.009239 105 0 141 19
Sea_cucumber 0.012036 108 0 121 11
Sea_cucumber 0.031663 101 0 118 19
Sea_cucumber 0.724736 65 2 100 43
Sea_cucumber 0.983362 242 287 290 327
