Sea_cucumber 0.000513 0 147 8 162
Sea_cucumber 0.000533 410 10 416 30
Sea_cucumber 0.000534 398 14 414 40
Sea_cucumber 0.000582 56 412 79 416
Sea_cucumber 0.000582 92 412 109 416
Sea_cucumber 0.000606 0 1 9 8
Sea_cucumber 0.000625 181 17 210 38
Sea_cucumber 0.000631 124 0 156 21
Sea_cucumber 0.000682 327 311 381 332
Sea_cucumber 0.000867 0 194 9 230
Sea_cucumber 0.000938 272 410 295 415
Sea_cucumber 0.001109 184 155 204 186
Sea_cucumber 0.001213 0 210 9 246
Sea_cucumber 0.001219 368 3 412 50
Sea_cucumber 0.001454 398 400 415 412
Sea_cucumber 0.002088 396 406 415 415
Sea_cucumber 0.003963 370 21 390 49
Sea_cucumber 0.004141 0 212 8 229
Sea_cucumber 0.018511 183 151 209 165
Sea_cucumber 0.777979 330 308 361 326
