Sea_cucumber 0.003187 394 0 415 4
Sea_cucumber 0.003615 260 402 292 416
Sea_cucumber 0.004519 271 406 328 416
Sea_cucumber 0.005579 226 406 279 415
Sea_cucumber 0.006934 408 122 416 140
Sea_cucumber 0.007818 72 409 111 416
Sea_cucumber 0.009184 405 112 416 149
Sea_cucumber 0.009430 407 79 415 122
Sea_cucumber 0.009547 24 227 37 243
Sea_cucumber 0.010947 262 403 277 415
Sea_cucumber 0.012251 409 98 415 119
Sea_cucumber 0.019650 90 410 109 416
Sea_cucumber 0.027369 244 395 278 416
Sea_cucumber 0.028904 407 116 415 132
Sea_cucumber 0.029849 405 99 416 132
Sea_cucumber 0.030361 270 396 312 416
Sea_cucumber 0.032392 407 108 415 124
Sea_cucumber 0.044659 280 300 304 321
Sea_cucumber 0.273896 267 396 282 416
Sea_cucumber 0.980072 241 163 262 244
