Sea_cucumber 0.000504 412 28 415 60
Sea_cucumber 0.000513 410 101 415 161
Sea_cucumber 0.000625 413 57 416 94
Sea_cucumber 0.000629 357 0 416 6
Sea_cucumber 0.000741 409 10 415 62
Sea_cucumber 0.000812 1 249 17 285
Sea_cucumber 0.000826 351 0 376 3
Sea_cucumber 0.001140 0 267 6 317
Sea_cucumber 0.001153 0 0 7 8
Sea_cucumber 0.001176 403 46 415 128
Sea_cucumber 0.001215 409 84 416 130
Sea_cucumber 0.001379 1 236 8 284
Sea_cucumber 0.001543 413 85 416 115
Sea_cucumber 0.001726 408 0 415 7
Sea_cucumber 0.002566 409 34 416 85
Sea_cucumber 0.003940 412 50 416 69
Sea_cucumber 0.005353 411 100 416 116
Sea_cucumber 0.007559 410 47 415 119
Sea_cucumber 0.737451 113 171 161 227
Sea_cucumber 0.926412 143 288 233 316
