Sea_cucumber 0.000007 163 414 197 415
Sea_cucumber 0.000007 123 411 189 415
Sea_cucumber 0.000007 1 395 4 414
Sea_cucumber 0.000008 370 0 406 44
Sea_cucumber 0.000008 133 413 163 415
Sea_cucumber 0.000009 0 1 3 20
Sea_cucumber 0.000009 412 3 416 19
Sea_cucumber 0.000009 292 413 324 415
Sea_cucumber 0.000011 9 413 31 415
Sea_cucumber 0.000011 256 413 280 415
Sea_cucumber 0.000011 387 413 405 415
Sea_cucumber 0.000012 397 413 411 416
Sea_cucumber 0.000013 278 413 305 415
Sea_cucumber 0.000013 150 414 179 416
Sea_cucumber 0.000014 2 0 22 4
Sea_cucumber 0.000024 3 412 21 415
Sea_cucumber 0.000042 409 1 415 7
Sea_cucumber 0.000047 0 0 6 6
Sea_cucumber 0.000054 411 410 415 416
Sea_cucumber 0.000082 1 410 6 415
