Sea_cucumber 0.009277 396 383 413 411
Sea_cucumber 0.011306 377 407 415 415
Sea_cucumber 0.017154 52 186 89 236
Sea_cucumber 0.021351 200 23 241 35
Sea_cucumber 0.045276 149 317 182 334
Sea_cucumber 0.055923 275 162 324 183
Sea_cucumber 0.059321 397 407 413 415
Sea_cucumber 0.101346 269 159 300 180
Sea_cucumber 0.165991 215 97 242 123
Sea_cucumber 0.339616 391 261 416 279
Sea_cucumber 0.366623 367 198 412 223
Sea_cucumber 0.455739 356 330 408 356
Sea_cucumber 0.515304 1 176 49 213
Sea_cucumber 0.562185 135 321 179 348
Sea_cucumber 0.641257 282 226 307 257
Sea_cucumber 0.650911 175 22 235 55
Sea_cucumber 0.760138 57 185 91 207
Sea_cucumber 0.895619 189 231 237 253
Sea_cucumber 0.924263 46 63 92 79
Sea_cucumber 0.952831 46 99 102 115
