Sea_cucumber 0.000015 230 413 258 415
Sea_cucumber 0.000016 285 264 295 305
Sea_cucumber 0.000018 411 3 415 19
Sea_cucumber 0.000018 279 264 291 305
Sea_cucumber 0.000020 395 413 412 416
Sea_cucumber 0.000020 2 0 22 4
Sea_cucumber 0.000022 266 42 301 62
Sea_cucumber 0.000023 359 93 385 110
Sea_cucumber 0.000025 3 412 20 415
Sea_cucumber 0.000028 295 238 322 264
Sea_cucumber 0.000038 409 0 416 7
Sea_cucumber 0.000041 225 94 245 103
Sea_cucumber 0.000043 259 82 332 121
Sea_cucumber 0.000048 214 83 246 104
Sea_cucumber 0.000058 411 411 415 416
Sea_cucumber 0.000062 261 269 294 319
Sea_cucumber 0.000085 0 0 7 6
Sea_cucumber 0.000092 1 410 6 415
Sea_cucumber 0.000106 387 68 403 79
Sea_cucumber 0.000122 375 56 403 78
