Sea_cucumber 0.001247 389 393 415 415
Sea_cucumber 0.001262 170 160 188 184
Sea_cucumber 0.001297 411 2 416 20
Sea_cucumber 0.001369 249 409 303 416
Sea_cucumber 0.001808 408 0 415 7
Sea_cucumber 0.002079 0 0 6 7
Sea_cucumber 0.002142 57 167 83 206
Sea_cucumber 0.002454 0 164 5 212
Sea_cucumber 0.003255 140 151 192 189
Sea_cucumber 0.003952 0 185 3 207
Sea_cucumber 0.005294 62 386 92 400
Sea_cucumber 0.012445 84 356 97 391
Sea_cucumber 0.019795 304 131 342 153
Sea_cucumber 0.057960 66 174 81 202
Sea_cucumber 0.210681 306 132 374 161
Sea_cucumber 0.251809 85 289 134 315
Sea_cucumber 0.279811 59 365 95 397
Sea_cucumber 0.594528 28 177 75 194
Sea_cucumber 0.938043 252 317 319 333
Sea_cucumber 0.962791 251 138 295 162
