Sea_cucumber 0.002051 32 396 73 415
Sea_cucumber 0.002113 315 0 350 5
Sea_cucumber 0.002409 1 35 12 69
Sea_cucumber 0.002516 197 409 260 416
Sea_cucumber 0.002572 308 0 358 18
Sea_cucumber 0.002588 398 0 415 38
Sea_cucumber 0.002901 58 215 118 251
Sea_cucumber 0.002948 336 0 391 8
Sea_cucumber 0.003215 343 0 367 6
Sea_cucumber 0.003470 284 0 349 7
Sea_cucumber 0.003513 407 134 415 148
Sea_cucumber 0.004518 398 116 415 150
Sea_cucumber 0.004555 231 407 272 416
Sea_cucumber 0.006131 0 16 19 58
Sea_cucumber 0.008038 32 213 82 249
Sea_cucumber 0.008817 51 393 83 415
Sea_cucumber 0.008834 141 328 169 355
Sea_cucumber 0.037351 320 0 360 9
Sea_cucumber 0.070397 0 37 38 64
Sea_cucumber 0.993912 185 141 220 205
