Sea_cucumber 0.000597 344 410 368 416
Sea_cucumber 0.000599 15 411 74 416
Sea_cucumber 0.000636 261 403 306 416
Sea_cucumber 0.000688 265 391 355 416
Sea_cucumber 0.000859 1 165 11 197
Sea_cucumber 0.001020 411 344 416 399
Sea_cucumber 0.001084 0 409 7 415
Sea_cucumber 0.001269 229 407 275 415
Sea_cucumber 0.001350 411 294 416 307
Sea_cucumber 0.001649 411 395 416 413
Sea_cucumber 0.001652 0 172 7 190
Sea_cucumber 0.001925 409 407 415 416
Sea_cucumber 0.001979 410 375 415 416
Sea_cucumber 0.002344 413 376 416 399
Sea_cucumber 0.002491 233 410 255 415
Sea_cucumber 0.005208 244 394 294 415
Sea_cucumber 0.011243 0 171 28 227
Sea_cucumber 0.339335 253 383 315 414
Sea_cucumber 0.571658 0 168 37 194
Sea_cucumber 0.983154 38 338 109 383
