Sea_cucumber 0.000952 335 200 378 221
Sea_cucumber 0.000965 238 0 282 10
Sea_cucumber 0.001100 409 387 416 406
Sea_cucumber 0.001130 227 0 244 7
Sea_cucumber 0.001399 180 264 195 289
Sea_cucumber 0.001406 408 0 415 41
Sea_cucumber 0.001904 411 0 416 23
Sea_cucumber 0.002504 292 116 337 163
Sea_cucumber 0.003707 408 0 415 8
Sea_cucumber 0.004837 230 0 275 21
Sea_cucumber 0.006330 213 0 244 20
Sea_cucumber 0.006683 315 166 371 209
Sea_cucumber 0.008160 407 297 415 316
Sea_cucumber 0.015658 192 298 204 330
Sea_cucumber 0.016290 397 294 415 322
Sea_cucumber 0.038310 325 183 359 204
Sea_cucumber 0.068068 327 181 383 219
Sea_cucumber 0.186000 296 125 359 208
Sea_cucumber 0.231070 297 131 318 161
Sea_cucumber 0.505281 182 266 205 330
