Sea_cucumber 0.000378 0 262 6 321
Sea_cucumber 0.000416 337 0 357 4
Sea_cucumber 0.000418 0 259 4 292
Sea_cucumber 0.000445 0 237 14 319
Sea_cucumber 0.000817 0 213 4 243
Sea_cucumber 0.000950 164 80 192 130
Sea_cucumber 0.001063 413 110 416 136
Sea_cucumber 0.001853 158 84 179 144
Sea_cucumber 0.002191 0 204 6 252
Sea_cucumber 0.002217 0 243 3 276
Sea_cucumber 0.002352 86 202 130 223
Sea_cucumber 0.002363 120 172 138 202
Sea_cucumber 0.003310 121 205 139 237
Sea_cucumber 0.005062 97 170 136 193
Sea_cucumber 0.005601 0 227 3 259
Sea_cucumber 0.017469 0 230 6 289
Sea_cucumber 0.235990 159 81 173 120
Sea_cucumber 0.537626 75 203 140 239
Sea_cucumber 0.650649 309 118 351 160
Sea_cucumber 0.987445 216 64 248 113
