Sea_cucumber 0.000232 72 0 98 5
Sea_cucumber 0.000260 0 408 45 416
Sea_cucumber 0.000334 94 0 153 9
Sea_cucumber 0.000335 394 411 416 416
Sea_cucumber 0.000413 411 395 416 412
Sea_cucumber 0.000484 0 372 6 416
Sea_cucumber 0.000524 19 409 85 415
Sea_cucumber 0.000743 77 0 108 20
Sea_cucumber 0.000782 103 0 125 7
Sea_cucumber 0.000924 410 409 416 415
Sea_cucumber 0.001106 0 410 20 415
Sea_cucumber 0.001237 0 398 5 413
Sea_cucumber 0.001547 99 1 114 17
Sea_cucumber 0.002388 82 0 105 8
Sea_cucumber 0.002988 93 0 122 20
Sea_cucumber 0.004800 67 336 113 355
Sea_cucumber 0.006291 0 407 7 415
Sea_cucumber 0.013081 28 327 62 341
Sea_cucumber 0.044519 94 0 108 10
Sea_cucumber 0.409674 27 330 111 354
