Sea_cucumber 0.002822 208 36 262 76
Sea_cucumber 0.002917 14 374 65 414
Sea_cucumber 0.003446 303 0 318 17
Sea_cucumber 0.003836 281 0 320 20
Sea_cucumber 0.003994 239 409 282 416
Sea_cucumber 0.004022 244 411 273 416
Sea_cucumber 0.009537 156 330 169 377
Sea_cucumber 0.012044 218 407 255 416
Sea_cucumber 0.019418 308 0 322 13
Sea_cucumber 0.042917 238 408 253 416
Sea_cucumber 0.524021 304 0 330 21
Sea_cucumber 0.764926 138 209 169 236
Sea_cucumber 0.867132 348 94 363 117
Sea_cucumber 0.871628 240 40 262 74
Sea_cucumber 0.950734 0 215 39 242
Sea_cucumber 0.964208 140 323 169 374
Sea_cucumber 0.983632 319 36 337 112
Sea_cucumber 0.989430 351 204 374 271
Sea_cucumber 0.996216 43 52 72 127
Sea_cucumber 0.998033 211 337 244 394
