Sea_cucumber 0.000932 410 177 416 213
Sea_cucumber 0.000997 91 281 142 312
Sea_cucumber 0.001039 62 0 106 6
Sea_cucumber 0.001095 71 0 98 4
Sea_cucumber 0.001126 0 292 6 309
Sea_cucumber 0.001254 90 0 142 7
Sea_cucumber 0.001466 0 293 6 339
Sea_cucumber 0.001821 2 409 21 416
Sea_cucumber 0.002084 170 141 192 204
Sea_cucumber 0.002651 95 0 119 5
Sea_cucumber 0.002757 0 407 8 415
Sea_cucumber 0.003035 163 105 177 131
Sea_cucumber 0.003901 232 205 272 220
Sea_cucumber 0.007698 412 197 416 209
Sea_cucumber 0.015054 91 0 107 5
Sea_cucumber 0.028620 215 213 242 238
Sea_cucumber 0.055707 97 286 133 300
Sea_cucumber 0.245167 216 202 270 236
Sea_cucumber 0.529822 348 376 393 404
Sea_cucumber 0.733129 173 169 188 206
