Sea_cucumber 0.000920 124 226 142 261
Sea_cucumber 0.001580 0 408 7 415
Sea_cucumber 0.001816 389 0 415 23
Sea_cucumber 0.002139 383 206 412 232
Sea_cucumber 0.002234 20 1 69 9
Sea_cucumber 0.002260 403 11 416 99
Sea_cucumber 0.002488 67 6 101 31
Sea_cucumber 0.002761 412 20 416 50
Sea_cucumber 0.003116 47 1 90 21
Sea_cucumber 0.004085 51 1 68 8
Sea_cucumber 0.005109 35 0 69 19
Sea_cucumber 0.005774 408 0 416 27
Sea_cucumber 0.007637 411 0 415 12
Sea_cucumber 0.015978 410 9 416 63
Sea_cucumber 0.019478 32 24 73 51
Sea_cucumber 0.068433 411 3 416 22
Sea_cucumber 0.086356 412 12 416 27
Sea_cucumber 0.946226 33 7 101 51
Sea_cucumber 0.977775 123 200 157 262
Sea_cucumber 0.995105 242 81 299 140
