Sea_cucumber 0.000491 0 0 9 6
Sea_cucumber 0.000511 191 0 231 9
Sea_cucumber 0.000531 123 278 154 303
Sea_cucumber 0.000574 3 393 36 415
Sea_cucumber 0.000576 181 0 198 8
Sea_cucumber 0.000615 207 0 266 6
Sea_cucumber 0.000646 411 9 416 30
Sea_cucumber 0.000666 17 410 39 415
Sea_cucumber 0.000766 409 315 416 335
Sea_cucumber 0.000806 284 82 315 104
Sea_cucumber 0.000811 358 314 373 350
Sea_cucumber 0.000846 192 0 212 6
Sea_cucumber 0.000872 205 303 240 325
Sea_cucumber 0.001392 157 0 205 11
Sea_cucumber 0.001889 2 197 23 228
Sea_cucumber 0.003013 241 298 257 319
Sea_cucumber 0.003910 151 0 214 24
Sea_cucumber 0.010812 205 0 220 4
Sea_cucumber 0.592948 212 299 256 319
Sea_cucumber 0.901293 183 0 210 20
