Sea_cucumber 0.004321 0 329 5 384
Sea_cucumber 0.004437 0 338 4 358
Sea_cucumber 0.005020 0 339 13 411
Sea_cucumber 0.008644 407 79 415 135
Sea_cucumber 0.010187 404 125 415 139
Sea_cucumber 0.014480 0 392 5 414
Sea_cucumber 0.020397 398 126 416 166
Sea_cucumber 0.029819 55 0 68 6
Sea_cucumber 0.030579 0 353 7 406
Sea_cucumber 0.062679 400 67 416 140
Sea_cucumber 0.101256 0 378 9 413
Sea_cucumber 0.202459 396 121 416 143
Sea_cucumber 0.205328 287 102 306 161
Sea_cucumber 0.246429 380 0 413 9
Sea_cucumber 0.274288 1 385 7 405
Sea_cucumber 0.302634 378 0 414 21
Sea_cucumber 0.422579 405 66 416 100
Sea_cucumber 0.577446 31 184 79 220
Sea_cucumber 0.958278 73 277 121 318
Sea_cucumber 0.989688 123 325 192 376
