Sea_cucumber 0.000020 0 344 6 399
Sea_cucumber 0.000020 365 305 413 352
Sea_cucumber 0.000022 92 410 158 415
Sea_cucumber 0.000024 108 413 140 415
Sea_cucumber 0.000025 394 1 416 6
Sea_cucumber 0.000025 1 372 7 416
Sea_cucumber 0.000025 253 16 307 57
Sea_cucumber 0.000027 0 322 6 374
Sea_cucumber 0.000028 8 413 31 415
Sea_cucumber 0.000033 137 413 160 415
Sea_cucumber 0.000039 411 1 415 21
Sea_cucumber 0.000041 1 394 5 415
Sea_cucumber 0.000050 0 0 6 6
Sea_cucumber 0.000065 0 347 4 365
Sea_cucumber 0.000071 159 76 185 95
Sea_cucumber 0.000079 409 0 416 8
Sea_cucumber 0.000080 2 411 20 415
Sea_cucumber 0.000111 411 409 415 415
Sea_cucumber 0.000153 1 409 7 415
Sea_cucumber 0.000172 282 11 302 48
