Sea_cucumber 0.000425 243 0 261 25
Sea_cucumber 0.000504 240 0 318 40
Sea_cucumber 0.000528 277 0 323 8
Sea_cucumber 0.000614 413 289 416 310
Sea_cucumber 0.000700 408 0 415 6
Sea_cucumber 0.000951 297 1 317 6
Sea_cucumber 0.001358 241 24 264 43
Sea_cucumber 0.001506 222 0 251 4
Sea_cucumber 0.001657 0 408 10 415
Sea_cucumber 0.001726 2 409 21 415
Sea_cucumber 0.001740 235 0 269 8
Sea_cucumber 0.002070 214 0 259 7
Sea_cucumber 0.002353 292 412 321 416
Sea_cucumber 0.003226 244 0 308 7
Sea_cucumber 0.003837 283 409 332 416
Sea_cucumber 0.010494 238 0 253 5
Sea_cucumber 0.013140 238 0 265 43
Sea_cucumber 0.015234 263 408 305 416
Sea_cucumber 0.017276 244 0 259 5
Sea_cucumber 0.054824 284 409 301 416
