Sea_cucumber 0.001918 398 379 416 414
Sea_cucumber 0.002268 410 407 416 416
Sea_cucumber 0.002315 412 348 416 381
Sea_cucumber 0.003471 411 375 416 401
Sea_cucumber 0.003935 339 404 373 416
Sea_cucumber 0.005044 411 393 416 414
Sea_cucumber 0.005257 0 257 6 311
Sea_cucumber 0.005398 9 384 48 411
Sea_cucumber 0.005499 347 407 367 415
Sea_cucumber 0.006613 1 247 18 288
Sea_cucumber 0.006884 409 367 415 409
Sea_cucumber 0.007485 325 392 373 416
Sea_cucumber 0.008908 409 341 416 387
Sea_cucumber 0.008950 3 395 36 414
Sea_cucumber 0.009014 364 376 414 416
Sea_cucumber 0.014715 410 370 415 387
Sea_cucumber 0.528956 348 382 378 416
Sea_cucumber 0.760281 280 286 350 316
Sea_cucumber 0.983443 328 133 367 190
Sea_cucumber 0.984177 376 165 407 236
