Sea_cucumber 0.000665 342 0 368 5
Sea_cucumber 0.000696 1 410 8 415
Sea_cucumber 0.000780 125 187 169 217
Sea_cucumber 0.000808 367 291 415 333
Sea_cucumber 0.000868 42 412 63 415
Sea_cucumber 0.001085 150 189 175 240
Sea_cucumber 0.001281 64 410 119 415
Sea_cucumber 0.001427 409 410 415 415
Sea_cucumber 0.002038 141 213 172 241
Sea_cucumber 0.002580 46 409 88 416
Sea_cucumber 0.004075 407 297 415 319
Sea_cucumber 0.004989 404 294 415 337
Sea_cucumber 0.005429 56 412 80 416
Sea_cucumber 0.013049 68 411 85 415
Sea_cucumber 0.014887 406 288 414 309
Sea_cucumber 0.018253 395 292 415 358
Sea_cucumber 0.027650 122 181 158 200
Sea_cucumber 0.077971 399 286 414 316
Sea_cucumber 0.843743 283 52 309 101
Sea_cucumber 0.922737 119 181 175 242
