Sea_cucumber 0.005659 19 0 36 3
Sea_cucumber 0.005886 404 390 416 416
Sea_cucumber 0.005956 385 394 396 413
Sea_cucumber 0.006188 339 395 375 416
Sea_cucumber 0.009997 388 385 416 413
Sea_cucumber 0.010908 51 411 70 415
Sea_cucumber 0.011332 67 261 144 292
Sea_cucumber 0.024769 406 330 415 366
Sea_cucumber 0.060203 215 140 246 170
Sea_cucumber 0.063826 406 349 415 364
Sea_cucumber 0.064805 363 390 380 416
Sea_cucumber 0.370265 115 261 144 292
Sea_cucumber 0.524827 387 391 404 416
Sea_cucumber 0.580172 216 107 255 170
Sea_cucumber 0.752495 228 386 329 409
Sea_cucumber 0.872150 67 201 129 231
Sea_cucumber 0.935480 124 368 181 416
Sea_cucumber 0.985367 327 87 395 122
Sea_cucumber 0.990878 109 22 133 102
Sea_cucumber 0.998301 290 274 354 321
