Sea_cucumber 0.000018 0 210 4 229
Sea_cucumber 0.000018 22 358 91 395
Sea_cucumber 0.000019 173 188 219 205
Sea_cucumber 0.000020 413 1 416 22
Sea_cucumber 0.000020 13 367 68 408
Sea_cucumber 0.000020 396 0 416 57
Sea_cucumber 0.000020 34 412 53 415
Sea_cucumber 0.000022 317 200 329 213
Sea_cucumber 0.000023 152 341 171 370
Sea_cucumber 0.000028 52 4 70 16
Sea_cucumber 0.000032 331 197 393 234
Sea_cucumber 0.000034 43 0 77 10
Sea_cucumber 0.000039 1 396 4 414
Sea_cucumber 0.000041 0 0 6 6
Sea_cucumber 0.000069 59 2 76 7
Sea_cucumber 0.000078 411 410 415 415
Sea_cucumber 0.000087 411 0 416 7
Sea_cucumber 0.000113 1 412 22 415
Sea_cucumber 0.000438 29 365 57 383
Sea_cucumber 0.000460 0 410 7 415
