Sea_cucumber 0.001899 0 51 13 125
Sea_cucumber 0.002007 1 78 4 107
Sea_cucumber 0.002366 125 410 152 416
Sea_cucumber 0.002586 398 310 416 339
Sea_cucumber 0.002861 409 315 415 336
Sea_cucumber 0.003518 408 328 416 350
Sea_cucumber 0.004415 399 323 415 356
Sea_cucumber 0.004785 0 95 13 175
Sea_cucumber 0.005669 0 106 4 140
Sea_cucumber 0.008743 409 29 416 73
Sea_cucumber 0.008964 119 407 161 416
Sea_cucumber 0.009302 406 324 415 340
Sea_cucumber 0.013468 411 38 415 64
Sea_cucumber 0.014341 0 106 6 172
Sea_cucumber 0.022119 81 408 136 416
Sea_cucumber 0.026941 0 66 7 117
Sea_cucumber 0.047186 117 407 133 416
Sea_cucumber 0.098991 0 93 7 138
Sea_cucumber 0.388904 0 99 6 119
Sea_cucumber 0.984363 102 134 135 189
