Sea_cucumber 0.005753 96 409 168 415
Sea_cucumber 0.005928 297 411 319 415
Sea_cucumber 0.006482 76 3 90 18
Sea_cucumber 0.008842 142 410 172 415
Sea_cucumber 0.008955 57 1 95 19
Sea_cucumber 0.009448 159 410 183 416
Sea_cucumber 0.009926 80 1 135 10
Sea_cucumber 0.010438 155 408 204 416
Sea_cucumber 0.011489 201 408 271 415
Sea_cucumber 0.012014 177 0 199 4
Sea_cucumber 0.023322 0 343 14 412
Sea_cucumber 0.040456 189 0 203 5
Sea_cucumber 0.041894 197 404 244 416
Sea_cucumber 0.182222 133 406 179 415
Sea_cucumber 0.201993 74 0 110 19
Sea_cucumber 0.578566 1 355 8 404
Sea_cucumber 0.623551 199 400 213 415
Sea_cucumber 0.993246 108 281 175 323
Sea_cucumber 0.993958 28 224 90 310
Sea_cucumber 0.997748 44 328 90 414
