Sea_cucumber 0.000014 151 413 177 415
Sea_cucumber 0.000014 139 83 157 118
Sea_cucumber 0.000015 385 413 408 416
Sea_cucumber 0.000017 1 396 4 413
Sea_cucumber 0.000018 157 205 169 220
Sea_cucumber 0.000023 1 1 21 5
Sea_cucumber 0.000026 395 413 412 415
Sea_cucumber 0.000027 368 1 416 7
Sea_cucumber 0.000027 412 2 415 21
Sea_cucumber 0.000028 10 412 29 415
Sea_cucumber 0.000032 222 174 238 204
Sea_cucumber 0.000037 141 58 157 95
Sea_cucumber 0.000039 392 1 416 5
Sea_cucumber 0.000043 410 411 415 415
Sea_cucumber 0.000049 150 186 164 223
Sea_cucumber 0.000060 4 411 21 415
Sea_cucumber 0.000062 242 128 277 149
Sea_cucumber 0.000083 0 0 6 7
Sea_cucumber 0.000109 1 409 7 416
Sea_cucumber 0.000168 409 1 415 7
