Sea_cucumber 0.000115 0 218 6 238
Sea_cucumber 0.000116 143 0 186 8
Sea_cucumber 0.000117 389 392 415 415
Sea_cucumber 0.000119 376 27 388 63
Sea_cucumber 0.000120 1 227 7 245
Sea_cucumber 0.000126 150 0 177 5
Sea_cucumber 0.000136 0 3 6 20
Sea_cucumber 0.000162 410 214 415 240
Sea_cucumber 0.000185 410 408 416 416
Sea_cucumber 0.000186 321 411 344 415
Sea_cucumber 0.000195 393 410 416 416
Sea_cucumber 0.000206 0 409 8 415
Sea_cucumber 0.000207 380 410 397 415
Sea_cucumber 0.000264 0 0 8 8
Sea_cucumber 0.000297 166 0 195 5
Sea_cucumber 0.000316 253 235 268 266
Sea_cucumber 0.000330 409 0 416 7
Sea_cucumber 0.000541 173 19 191 50
Sea_cucumber 0.003100 358 301 372 336
Sea_cucumber 0.003520 351 223 376 245
