Sea_cucumber 0.000317 292 0 341 7
Sea_cucumber 0.000343 395 0 412 5
Sea_cucumber 0.000370 14 74 42 93
Sea_cucumber 0.000399 123 179 139 211
Sea_cucumber 0.000402 112 196 126 239
Sea_cucumber 0.000484 320 0 360 7
Sea_cucumber 0.000651 1 409 7 415
Sea_cucumber 0.000657 0 224 3 246
Sea_cucumber 0.000679 407 303 415 360
Sea_cucumber 0.000851 236 308 265 324
Sea_cucumber 0.001309 397 305 413 345
Sea_cucumber 0.001658 321 0 343 5
Sea_cucumber 0.001907 232 95 272 126
Sea_cucumber 0.004064 231 94 245 134
Sea_cucumber 0.004837 325 158 403 192
Sea_cucumber 0.006501 336 172 376 191
Sea_cucumber 0.397106 357 170 401 194
Sea_cucumber 0.404941 384 306 411 360
Sea_cucumber 0.551953 113 186 138 241
Sea_cucumber 0.765463 230 91 298 137
