Sea_cucumber 0.000015 5 412 20 415
Sea_cucumber 0.000015 342 413 354 415
Sea_cucumber 0.000016 1 0 23 4
Sea_cucumber 0.000016 249 413 272 415
Sea_cucumber 0.000017 368 355 377 369
Sea_cucumber 0.000019 263 0 288 3
Sea_cucumber 0.000024 272 360 416 415
Sea_cucumber 0.000025 183 413 208 415
Sea_cucumber 0.000026 207 0 264 6
Sea_cucumber 0.000027 276 413 291 415
Sea_cucumber 0.000028 245 0 274 3
Sea_cucumber 0.000029 375 357 385 367
Sea_cucumber 0.000029 265 413 288 416
Sea_cucumber 0.000035 0 0 6 7
Sea_cucumber 0.000037 215 0 241 3
Sea_cucumber 0.000040 326 295 411 405
Sea_cucumber 0.000041 1 410 5 416
Sea_cucumber 0.000042 409 1 415 8
Sea_cucumber 0.000045 227 0 293 5
Sea_cucumber 0.000271 234 0 253 3
