Sea_cucumber 0.000032 16 413 40 415
Sea_cucumber 0.000038 0 336 5 407
Sea_cucumber 0.000038 0 398 9 416
Sea_cucumber 0.000051 46 0 106 5
Sea_cucumber 0.000051 136 360 196 392
Sea_cucumber 0.000053 409 0 415 6
Sea_cucumber 0.000057 0 0 6 5
Sea_cucumber 0.000071 180 256 195 280
Sea_cucumber 0.000078 0 406 31 416
Sea_cucumber 0.000079 8 412 31 415
Sea_cucumber 0.000088 71 0 98 2
Sea_cucumber 0.000098 281 340 310 381
Sea_cucumber 0.000103 411 409 415 415
Sea_cucumber 0.000113 0 394 19 415
Sea_cucumber 0.000349 1 410 21 415
Sea_cucumber 0.000432 0 385 4 410
Sea_cucumber 0.000740 0 376 7 416
Sea_cucumber 0.003123 0 406 6 414
Sea_cucumber 0.003913 288 355 307 375
Sea_cucumber 0.006898 0 398 5 412
