Sea_cucumber 0.000284 284 111 300 134
Sea_cucumber 0.000289 181 152 190 189
Sea_cucumber 0.000293 408 0 416 7
Sea_cucumber 0.000340 0 399 5 411
Sea_cucumber 0.000359 2 412 22 416
Sea_cucumber 0.000391 0 0 7 5
Sea_cucumber 0.000442 284 304 297 345
Sea_cucumber 0.000465 1 155 22 167
Sea_cucumber 0.000556 1 150 11 161
Sea_cucumber 0.000567 0 135 46 172
Sea_cucumber 0.000644 409 409 415 415
Sea_cucumber 0.001239 0 138 24 158
Sea_cucumber 0.001409 0 410 7 415
Sea_cucumber 0.002151 37 90 64 111
Sea_cucumber 0.004709 1 152 36 173
Sea_cucumber 0.005228 3 143 20 157
Sea_cucumber 0.005654 0 142 26 195
Sea_cucumber 0.013088 319 73 346 94
Sea_cucumber 0.028554 0 112 26 161
Sea_cucumber 0.337653 0 145 26 164
