Sea_cucumber 0.000249 0 0 7 7
Sea_cucumber 0.000276 0 408 46 415
Sea_cucumber 0.000285 31 409 89 415
Sea_cucumber 0.000298 247 412 272 415
Sea_cucumber 0.000302 409 0 416 6
Sea_cucumber 0.000318 15 412 42 415
Sea_cucumber 0.000318 410 352 416 408
Sea_cucumber 0.000340 1 247 8 289
Sea_cucumber 0.000371 382 411 410 415
Sea_cucumber 0.000445 130 411 151 415
Sea_cucumber 0.000485 1 411 21 415
Sea_cucumber 0.000791 33 411 54 415
Sea_cucumber 0.000810 375 407 416 415
Sea_cucumber 0.000983 0 408 7 415
Sea_cucumber 0.001372 388 394 416 415
Sea_cucumber 0.001492 411 382 416 411
Sea_cucumber 0.003044 395 409 415 415
Sea_cucumber 0.004416 408 377 415 416
Sea_cucumber 0.010969 409 396 415 413
Sea_cucumber 0.011816 409 407 415 415
