Sea_cucumber 0.000402 0 0 7 7
Sea_cucumber 0.000406 2 411 21 415
Sea_cucumber 0.000413 409 0 416 7
Sea_cucumber 0.000416 23 0 64 23
Sea_cucumber 0.000440 408 377 415 416
Sea_cucumber 0.000453 325 412 354 415
Sea_cucumber 0.000489 0 0 44 8
Sea_cucumber 0.000560 0 394 4 414
Sea_cucumber 0.000597 328 408 383 415
Sea_cucumber 0.000611 413 278 416 304
Sea_cucumber 0.000669 1 408 7 415
Sea_cucumber 0.000795 0 0 41 22
Sea_cucumber 0.000825 410 408 415 415
Sea_cucumber 0.000983 410 259 416 307
Sea_cucumber 0.001610 333 393 378 414
Sea_cucumber 0.002366 38 24 71 75
Sea_cucumber 0.003545 412 267 416 285
Sea_cucumber 0.035216 309 292 326 311
Sea_cucumber 0.418418 10 6 72 72
Sea_cucumber 0.733507 142 65 183 97
