Sea_cucumber 0.000124 167 413 193 415
Sea_cucumber 0.000124 198 413 226 416
Sea_cucumber 0.000129 413 352 416 374
Sea_cucumber 0.000149 0 0 6 7
Sea_cucumber 0.000165 413 1 416 21
Sea_cucumber 0.000173 155 139 172 172
Sea_cucumber 0.000179 393 412 416 416
Sea_cucumber 0.000187 369 0 416 7
Sea_cucumber 0.000192 344 2 369 7
Sea_cucumber 0.000204 412 33 416 55
Sea_cucumber 0.000236 412 347 416 363
Sea_cucumber 0.000260 1 412 21 415
Sea_cucumber 0.000273 155 138 189 158
Sea_cucumber 0.000338 410 409 415 416
Sea_cucumber 0.000384 343 0 401 8
Sea_cucumber 0.000556 410 0 416 7
Sea_cucumber 0.000615 250 0 271 2
Sea_cucumber 0.000958 157 139 170 154
Sea_cucumber 0.001140 1 410 7 415
Sea_cucumber 0.990923 346 167 398 244
