Sea_cucumber 0.000605 0 396 7 411
Sea_cucumber 0.000607 371 408 416 415
Sea_cucumber 0.000610 410 124 415 188
Sea_cucumber 0.000614 402 265 413 286
Sea_cucumber 0.000650 412 245 416 276
Sea_cucumber 0.000659 410 408 415 415
Sea_cucumber 0.000675 118 82 148 124
Sea_cucumber 0.000676 174 0 201 2
Sea_cucumber 0.000812 0 127 5 184
Sea_cucumber 0.000835 0 408 9 416
Sea_cucumber 0.000926 413 158 416 185
Sea_cucumber 0.000936 411 4 416 19
Sea_cucumber 0.001264 411 394 415 413
Sea_cucumber 0.001375 409 269 415 296
Sea_cucumber 0.001396 400 215 416 286
Sea_cucumber 0.002056 409 221 415 283
Sea_cucumber 0.002195 400 262 415 303
Sea_cucumber 0.002517 408 262 415 320
Sea_cucumber 0.005009 410 258 415 280
Sea_cucumber 0.016416 406 249 415 288
