Sea_cucumber 0.001404 373 0 416 7
Sea_cucumber 0.001735 411 327 415 351
Sea_cucumber 0.001881 408 140 415 188
Sea_cucumber 0.001898 0 0 5 12
Sea_cucumber 0.001937 408 171 415 220
Sea_cucumber 0.002281 325 407 372 415
Sea_cucumber 0.002325 411 1 416 23
Sea_cucumber 0.002592 0 0 7 30
Sea_cucumber 0.002636 405 166 416 193
Sea_cucumber 0.002640 281 149 339 185
Sea_cucumber 0.002680 0 1 6 55
Sea_cucumber 0.002764 396 0 415 6
Sea_cucumber 0.003148 408 176 415 196
Sea_cucumber 0.003524 281 154 321 175
Sea_cucumber 0.004449 409 164 416 184
Sea_cucumber 0.007415 0 10 4 29
Sea_cucumber 0.007558 408 0 415 8
Sea_cucumber 0.009204 409 0 415 42
Sea_cucumber 0.033221 406 174 415 186
Sea_cucumber 0.992894 156 330 245 363
