Sea_cucumber 0.000248 382 281 411 303
Sea_cucumber 0.000268 219 375 281 411
Sea_cucumber 0.000280 230 406 275 415
Sea_cucumber 0.000286 243 410 264 416
Sea_cucumber 0.000287 346 411 365 416
Sea_cucumber 0.000302 152 409 177 415
Sea_cucumber 0.000366 0 411 9 416
Sea_cucumber 0.000376 233 394 272 415
Sea_cucumber 0.000404 0 409 42 415
Sea_cucumber 0.000425 282 224 317 249
Sea_cucumber 0.000439 153 397 189 414
Sea_cucumber 0.000450 263 411 285 416
Sea_cucumber 0.000472 157 59 187 77
Sea_cucumber 0.000726 0 220 4 236
Sea_cucumber 0.001294 225 66 270 115
Sea_cucumber 0.001361 9 411 31 415
Sea_cucumber 0.002062 252 385 271 409
Sea_cucumber 0.005567 252 395 280 415
Sea_cucumber 0.006321 256 408 278 415
Sea_cucumber 0.603772 227 69 246 114
