Sea_cucumber 0.002809 286 269 295 296
Sea_cucumber 0.003493 103 1 174 36
Sea_cucumber 0.004251 30 411 57 415
Sea_cucumber 0.006484 23 408 67 415
Sea_cucumber 0.007629 127 0 170 23
Sea_cucumber 0.009063 32 397 72 416
Sea_cucumber 0.009763 41 409 64 415
Sea_cucumber 0.012078 65 393 99 415
Sea_cucumber 0.017390 58 405 79 416
Sea_cucumber 0.018007 0 233 6 287
Sea_cucumber 0.035707 52 406 69 415
Sea_cucumber 0.038835 0 261 6 306
Sea_cucumber 0.061475 182 26 217 81
Sea_cucumber 0.072311 145 0 180 33
Sea_cucumber 0.128294 147 2 215 82
Sea_cucumber 0.146676 0 267 4 286
Sea_cucumber 0.360958 55 397 84 415
Sea_cucumber 0.664146 283 269 296 315
Sea_cucumber 0.750418 209 25 231 59
Sea_cucumber 0.775814 173 339 205 374
