Sea_cucumber 0.000012 75 315 103 377
Sea_cucumber 0.000013 52 0 83 2
Sea_cucumber 0.000013 1 0 22 4
Sea_cucumber 0.000015 289 0 358 6
Sea_cucumber 0.000015 361 413 383 415
Sea_cucumber 0.000017 318 0 346 4
Sea_cucumber 0.000019 272 0 295 3
Sea_cucumber 0.000020 323 1 357 21
Sea_cucumber 0.000026 337 0 376 20
Sea_cucumber 0.000031 11 413 29 415
Sea_cucumber 0.000036 4 412 21 415
Sea_cucumber 0.000042 411 410 415 416
Sea_cucumber 0.000045 104 168 137 236
Sea_cucumber 0.000057 321 0 375 8
Sea_cucumber 0.000058 148 55 180 80
Sea_cucumber 0.000060 409 1 415 7
Sea_cucumber 0.000061 335 1 361 4
Sea_cucumber 0.000066 1 411 6 415
Sea_cucumber 0.000074 0 0 6 6
Sea_cucumber 0.000188 209 126 245 155
