Sea_cucumber 0.000203 158 0 204 7
Sea_cucumber 0.000235 1 368 5 390
Sea_cucumber 0.000287 410 250 416 270
Sea_cucumber 0.000389 410 409 415 416
Sea_cucumber 0.000412 0 227 8 244
Sea_cucumber 0.000426 162 7 169 35
Sea_cucumber 0.000455 107 1 127 8
Sea_cucumber 0.000457 408 0 415 7
Sea_cucumber 0.000520 0 0 7 6
Sea_cucumber 0.000543 164 0 191 45
Sea_cucumber 0.000729 150 5 179 37
Sea_cucumber 0.000916 62 38 95 53
Sea_cucumber 0.000985 105 11 125 25
Sea_cucumber 0.001776 163 0 178 5
Sea_cucumber 0.001834 159 0 173 30
Sea_cucumber 0.001902 109 3 124 19
Sea_cucumber 0.014359 98 88 139 109
Sea_cucumber 0.532793 117 84 143 105
Sea_cucumber 0.724855 162 8 176 43
Sea_cucumber 0.915434 100 2 129 25
