Sea_cucumber 0.001237 184 0 240 6
Sea_cucumber 0.001248 25 374 60 416
Sea_cucumber 0.001795 192 0 216 3
Sea_cucumber 0.001804 62 0 106 18
Sea_cucumber 0.002329 0 407 42 415
Sea_cucumber 0.002576 44 0 76 4
Sea_cucumber 0.002757 214 240 244 261
Sea_cucumber 0.002766 42 409 63 416
Sea_cucumber 0.004310 59 1 93 5
Sea_cucumber 0.004931 50 393 83 416
Sea_cucumber 0.005046 88 0 111 6
Sea_cucumber 0.007389 277 34 287 73
Sea_cucumber 0.008298 24 409 47 415
Sea_cucumber 0.012950 25 405 62 415
Sea_cucumber 0.014320 30 0 90 7
Sea_cucumber 0.198220 34 390 68 416
Sea_cucumber 0.251359 268 35 290 88
Sea_cucumber 0.281031 62 0 105 7
Sea_cucumber 0.864871 137 99 191 115
Sea_cucumber 0.899221 209 159 248 183
