Sea_cucumber 0.000852 257 191 283 213
Sea_cucumber 0.000872 135 0 193 9
Sea_cucumber 0.000960 410 30 415 90
Sea_cucumber 0.001069 409 70 416 112
Sea_cucumber 0.001287 324 0 372 6
Sea_cucumber 0.001357 341 0 370 4
Sea_cucumber 0.002402 272 169 292 196
Sea_cucumber 0.002489 130 0 149 11
Sea_cucumber 0.002834 171 125 190 156
Sea_cucumber 0.002863 258 16 292 38
Sea_cucumber 0.002937 149 144 183 169
Sea_cucumber 0.003634 127 3 141 18
Sea_cucumber 0.003657 410 66 416 87
Sea_cucumber 0.013885 129 0 181 19
Sea_cucumber 0.021250 24 270 64 286
Sea_cucumber 0.369644 15 273 53 304
Sea_cucumber 0.595164 260 169 292 210
Sea_cucumber 0.641592 155 125 191 176
Sea_cucumber 0.784582 349 38 383 65
Sea_cucumber 0.873887 125 0 152 21
