Sea_cucumber 0.001290 396 157 416 191
Sea_cucumber 0.001406 357 157 398 249
Sea_cucumber 0.001442 0 266 6 316
Sea_cucumber 0.002287 250 289 305 324
Sea_cucumber 0.002497 1 254 10 297
Sea_cucumber 0.002690 353 177 390 199
Sea_cucumber 0.003590 177 405 194 415
Sea_cucumber 0.005518 0 256 19 281
Sea_cucumber 0.005531 150 359 181 388
Sea_cucumber 0.005554 392 189 416 197
Sea_cucumber 0.005936 136 406 193 415
Sea_cucumber 0.017716 373 158 388 187
Sea_cucumber 0.018252 253 289 282 315
Sea_cucumber 0.020000 375 166 407 236
Sea_cucumber 0.030028 354 190 388 202
Sea_cucumber 0.057561 165 399 193 415
Sea_cucumber 0.063681 389 179 416 197
Sea_cucumber 0.379694 369 161 416 200
Sea_cucumber 0.555600 368 188 391 251
Sea_cucumber 0.794865 323 16 400 44
