Sea_cucumber 0.000211 357 412 385 416
Sea_cucumber 0.000212 0 349 4 377
Sea_cucumber 0.000218 410 409 415 415
Sea_cucumber 0.000229 309 412 340 416
Sea_cucumber 0.000249 0 0 7 8
Sea_cucumber 0.000254 129 75 162 90
Sea_cucumber 0.000271 296 409 352 415
Sea_cucumber 0.000286 330 394 365 415
Sea_cucumber 0.000294 179 2 211 33
Sea_cucumber 0.000308 192 0 215 5
Sea_cucumber 0.000316 0 293 7 338
Sea_cucumber 0.000431 0 313 4 334
Sea_cucumber 0.000510 345 410 368 415
Sea_cucumber 0.000591 349 45 367 77
Sea_cucumber 0.000758 328 408 367 415
Sea_cucumber 0.000869 0 341 8 385
Sea_cucumber 0.001761 329 411 349 415
Sea_cucumber 0.002076 0 319 7 360
Sea_cucumber 0.005047 0 338 5 358
Sea_cucumber 0.024180 315 9 331 46
