Sea_cucumber 0.001869 340 410 387 416
Sea_cucumber 0.001892 0 115 8 164
Sea_cucumber 0.001984 19 409 36 415
Sea_cucumber 0.002031 377 395 416 416
Sea_cucumber 0.002033 295 149 324 196
Sea_cucumber 0.002145 146 44 163 74
Sea_cucumber 0.003116 23 380 83 416
Sea_cucumber 0.003163 11 409 29 416
Sea_cucumber 0.003235 4 407 21 415
Sea_cucumber 0.003421 31 405 72 416
Sea_cucumber 0.006377 411 141 416 155
Sea_cucumber 0.007490 363 411 382 416
Sea_cucumber 0.010074 0 110 5 124
Sea_cucumber 0.012195 22 388 36 416
Sea_cucumber 0.016550 294 161 310 197
Sea_cucumber 0.021468 6 397 20 413
Sea_cucumber 0.022317 9 383 47 412
Sea_cucumber 0.119122 5 392 33 415
Sea_cucumber 0.262901 26 389 59 415
Sea_cucumber 0.782738 145 46 219 130
