Sea_cucumber 0.001019 225 342 244 369
Sea_cucumber 0.001038 95 0 122 5
Sea_cucumber 0.001322 0 312 3 350
Sea_cucumber 0.001439 84 1 131 10
Sea_cucumber 0.001575 1 237 13 324
Sea_cucumber 0.001762 382 161 415 212
Sea_cucumber 0.002026 408 299 415 317
Sea_cucumber 0.002518 0 310 5 384
Sea_cucumber 0.002535 398 294 416 322
Sea_cucumber 0.004084 138 392 175 414
Sea_cucumber 0.010002 1 294 13 394
Sea_cucumber 0.010526 91 1 139 22
Sea_cucumber 0.012904 0 292 4 313
Sea_cucumber 0.015311 0 264 6 320
Sea_cucumber 0.018654 0 290 8 326
Sea_cucumber 0.024529 73 4 137 35
Sea_cucumber 0.082219 0 298 6 349
Sea_cucumber 0.584751 1 301 6 317
Sea_cucumber 0.880191 386 187 416 215
Sea_cucumber 0.968263 290 70 375 97
