Sea_cucumber 0.000028 368 413 392 415
Sea_cucumber 0.000029 2 0 22 4
Sea_cucumber 0.000031 379 395 414 415
Sea_cucumber 0.000031 0 44 3 73
Sea_cucumber 0.000032 186 409 254 415
Sea_cucumber 0.000035 413 2 416 21
Sea_cucumber 0.000037 311 413 336 415
Sea_cucumber 0.000039 371 408 416 415
Sea_cucumber 0.000045 412 392 416 415
Sea_cucumber 0.000047 413 349 416 378
Sea_cucumber 0.000052 3 412 21 415
Sea_cucumber 0.000057 384 412 408 416
Sea_cucumber 0.000070 0 0 7 6
Sea_cucumber 0.000072 409 1 415 8
Sea_cucumber 0.000081 411 346 415 414
Sea_cucumber 0.000095 396 412 413 416
Sea_cucumber 0.000116 0 32 7 71
Sea_cucumber 0.000132 1 411 7 415
Sea_cucumber 0.000257 411 409 415 416
Sea_cucumber 0.000258 1 40 5 62
