Sea_cucumber 0.000037 0 106 4 126
Sea_cucumber 0.000043 0 128 4 152
Sea_cucumber 0.000045 411 73 415 142
Sea_cucumber 0.000051 0 0 6 6
Sea_cucumber 0.000052 395 0 414 5
Sea_cucumber 0.000055 3 412 20 415
Sea_cucumber 0.000075 1 410 6 416
Sea_cucumber 0.000083 0 123 4 139
Sea_cucumber 0.000097 96 413 136 416
Sea_cucumber 0.000152 409 0 416 7
Sea_cucumber 0.000154 0 141 4 156
Sea_cucumber 0.000223 120 410 191 415
Sea_cucumber 0.000266 413 131 416 162
Sea_cucumber 0.000287 411 122 416 172
Sea_cucumber 0.000319 410 114 416 149
Sea_cucumber 0.000367 132 413 162 415
Sea_cucumber 0.000624 413 111 416 139
Sea_cucumber 0.000748 96 410 151 415
Sea_cucumber 0.002626 121 412 143 415
Sea_cucumber 0.005440 411 125 416 140
