Sea_cucumber 0.002090 294 408 355 415
Sea_cucumber 0.002712 163 0 182 8
Sea_cucumber 0.002940 351 407 374 415
Sea_cucumber 0.003341 1 329 10 385
Sea_cucumber 0.004095 412 36 416 53
Sea_cucumber 0.004115 81 408 101 415
Sea_cucumber 0.004477 411 43 415 59
Sea_cucumber 0.005590 358 407 416 415
Sea_cucumber 0.007796 395 45 415 74
Sea_cucumber 0.008692 331 405 351 415
Sea_cucumber 0.016379 341 401 372 416
Sea_cucumber 0.048983 326 397 356 416
Sea_cucumber 0.049577 347 402 361 416
Sea_cucumber 0.063536 0 303 19 390
Sea_cucumber 0.069225 346 397 397 416
Sea_cucumber 0.298927 342 399 356 415
Sea_cucumber 0.453710 279 102 306 145
Sea_cucumber 0.461885 22 172 81 203
Sea_cucumber 0.652658 0 356 19 388
Sea_cucumber 0.890049 48 104 71 167
