Sea_cucumber 0.005795 370 70 386 96
Sea_cucumber 0.007365 406 199 415 239
Sea_cucumber 0.009260 202 256 211 294
Sea_cucumber 0.009824 407 194 413 214
Sea_cucumber 0.010672 411 1 416 20
Sea_cucumber 0.013545 171 408 222 415
Sea_cucumber 0.018316 0 395 20 415
Sea_cucumber 0.022267 217 143 237 172
Sea_cucumber 0.028665 204 409 221 415
Sea_cucumber 0.031334 410 1 416 8
Sea_cucumber 0.033149 0 400 10 411
Sea_cucumber 0.034759 233 151 248 191
Sea_cucumber 0.035456 398 192 414 219
Sea_cucumber 0.035793 148 213 165 225
Sea_cucumber 0.052246 381 217 413 236
Sea_cucumber 0.235457 1 407 20 415
Sea_cucumber 0.273649 381 196 413 227
Sea_cucumber 0.463170 151 212 194 229
Sea_cucumber 0.530878 220 143 247 188
Sea_cucumber 0.900384 83 166 118 179
