Sea_cucumber 0.000015 1 375 8 416
Sea_cucumber 0.000016 56 0 112 6
Sea_cucumber 0.000019 394 1 415 5
Sea_cucumber 0.000021 411 411 415 416
Sea_cucumber 0.000021 98 317 135 346
Sea_cucumber 0.000023 398 307 415 383
Sea_cucumber 0.000025 1 395 6 414
Sea_cucumber 0.000029 413 105 416 145
Sea_cucumber 0.000029 0 1 4 21
Sea_cucumber 0.000031 9 412 31 415
Sea_cucumber 0.000032 80 0 104 3
Sea_cucumber 0.000033 409 314 415 366
Sea_cucumber 0.000038 0 0 22 5
Sea_cucumber 0.000043 411 120 416 174
Sea_cucumber 0.000045 409 0 415 7
Sea_cucumber 0.000048 2 411 22 415
Sea_cucumber 0.000059 0 409 8 416
Sea_cucumber 0.000113 411 95 415 153
Sea_cucumber 0.000123 0 0 7 7
Sea_cucumber 0.000607 413 129 416 149
