Sea_cucumber 0.000976 219 408 269 416
Sea_cucumber 0.001011 0 265 6 318
Sea_cucumber 0.001076 226 410 247 416
Sea_cucumber 0.001145 409 124 415 171
Sea_cucumber 0.001462 0 90 6 140
Sea_cucumber 0.001550 411 3 416 19
Sea_cucumber 0.001564 410 0 416 10
Sea_cucumber 0.001655 409 4 415 51
Sea_cucumber 0.001722 184 153 210 175
Sea_cucumber 0.002102 410 125 416 141
Sea_cucumber 0.003328 398 372 409 405
Sea_cucumber 0.004335 0 86 4 113
Sea_cucumber 0.004457 144 290 199 338
Sea_cucumber 0.005493 40 113 52 153
Sea_cucumber 0.008394 0 78 7 120
Sea_cucumber 0.123841 134 82 151 114
Sea_cucumber 0.405429 179 280 207 320
Sea_cucumber 0.450317 143 318 172 335
Sea_cucumber 0.844847 25 328 42 414
Sea_cucumber 0.997492 264 269 292 333
