Sea_cucumber 0.000077 1 412 9 415
Sea_cucumber 0.000078 412 289 416 311
Sea_cucumber 0.000079 413 201 416 239
Sea_cucumber 0.000079 1 0 6 22
Sea_cucumber 0.000093 411 128 415 153
Sea_cucumber 0.000113 0 200 6 255
Sea_cucumber 0.000119 411 3 415 21
Sea_cucumber 0.000133 408 147 415 196
Sea_cucumber 0.000146 408 0 415 7
Sea_cucumber 0.000169 398 130 414 164
Sea_cucumber 0.000191 0 0 45 8
Sea_cucumber 0.000202 407 127 415 168
Sea_cucumber 0.000203 410 242 416 293
Sea_cucumber 0.000239 410 146 415 165
Sea_cucumber 0.000268 411 191 416 248
Sea_cucumber 0.000336 412 247 416 271
Sea_cucumber 0.000620 0 0 11 8
Sea_cucumber 0.000754 412 222 416 248
Sea_cucumber 0.001002 410 219 416 268
Sea_cucumber 0.001068 177 232 194 255
