Sea_cucumber 0.001524 251 299 315 318
Sea_cucumber 0.001633 410 186 415 208
Sea_cucumber 0.002073 169 209 193 254
Sea_cucumber 0.002244 410 140 415 203
Sea_cucumber 0.002911 407 175 415 216
Sea_cucumber 0.002972 400 192 416 275
Sea_cucumber 0.003554 291 208 323 232
Sea_cucumber 0.003883 407 212 415 259
Sea_cucumber 0.004219 398 181 416 212
Sea_cucumber 0.008569 411 281 416 305
Sea_cucumber 0.010495 408 283 416 316
Sea_cucumber 0.018718 405 229 415 275
Sea_cucumber 0.022355 409 246 415 305
Sea_cucumber 0.031243 402 225 416 307
Sea_cucumber 0.034554 410 291 416 310
Sea_cucumber 0.039981 147 195 179 214
Sea_cucumber 0.139065 172 222 188 251
Sea_cucumber 0.772087 250 298 274 318
Sea_cucumber 0.966307 256 88 316 139
Sea_cucumber 0.991554 323 58 344 160
