Sea_cucumber 0.000611 0 317 7 363
Sea_cucumber 0.000613 38 411 63 415
Sea_cucumber 0.000639 2 0 37 8
Sea_cucumber 0.000799 342 411 369 416
Sea_cucumber 0.000920 344 409 399 416
Sea_cucumber 0.000966 295 409 354 415
Sea_cucumber 0.001058 193 409 215 416
Sea_cucumber 0.001147 409 198 416 212
Sea_cucumber 0.001153 210 409 232 416
Sea_cucumber 0.001384 200 405 239 415
Sea_cucumber 0.001434 326 412 354 415
Sea_cucumber 0.001509 368 160 413 199
Sea_cucumber 0.001575 107 193 128 219
Sea_cucumber 0.002287 324 408 371 415
Sea_cucumber 0.002551 19 0 36 5
Sea_cucumber 0.002924 367 146 394 194
Sea_cucumber 0.010693 212 393 244 415
Sea_cucumber 0.247809 372 167 390 193
Sea_cucumber 0.308503 77 191 138 221
Sea_cucumber 0.965415 305 219 332 274
