Sea_cucumber 0.001394 1 259 18 292
Sea_cucumber 0.001450 410 407 416 415
Sea_cucumber 0.001463 291 235 325 256
Sea_cucumber 0.001804 112 407 151 416
Sea_cucumber 0.001869 372 411 389 415
Sea_cucumber 0.002133 1 276 9 292
Sea_cucumber 0.002170 0 279 18 306
Sea_cucumber 0.002289 6 408 48 416
Sea_cucumber 0.003088 0 131 6 180
Sea_cucumber 0.003684 114 389 129 416
Sea_cucumber 0.003942 0 157 7 202
Sea_cucumber 0.005180 115 365 144 415
Sea_cucumber 0.010088 55 161 96 185
Sea_cucumber 0.010104 9 410 30 416
Sea_cucumber 0.011345 57 144 113 190
Sea_cucumber 0.014662 0 162 6 179
Sea_cucumber 0.019166 112 407 124 415
Sea_cucumber 0.112499 54 162 69 185
Sea_cucumber 0.547605 115 367 128 409
Sea_cucumber 0.789671 382 372 414 415
