Sea_cucumber 0.001978 409 409 415 415
Sea_cucumber 0.002123 332 3 347 35
Sea_cucumber 0.002293 257 406 295 416
Sea_cucumber 0.002397 1 160 36 180
Sea_cucumber 0.003096 325 1 352 55
Sea_cucumber 0.003107 302 14 333 70
Sea_cucumber 0.003274 303 397 316 414
Sea_cucumber 0.003827 208 63 264 151
Sea_cucumber 0.003844 289 409 311 415
Sea_cucumber 0.004522 0 145 32 169
Sea_cucumber 0.005205 299 408 317 415
Sea_cucumber 0.006076 269 397 299 415
Sea_cucumber 0.011632 316 29 331 70
Sea_cucumber 0.011950 282 406 300 415
Sea_cucumber 0.044416 282 395 316 416
Sea_cucumber 0.306560 316 11 343 68
Sea_cucumber 0.360283 0 134 48 174
Sea_cucumber 0.408648 105 93 169 125
Sea_cucumber 0.637397 306 342 324 408
Sea_cucumber 0.948024 237 69 262 144
