Sea_cucumber 0.000154 393 0 416 5
Sea_cucumber 0.000159 0 408 29 416
Sea_cucumber 0.000163 0 341 6 402
Sea_cucumber 0.000181 373 409 416 415
Sea_cucumber 0.000194 0 0 23 5
Sea_cucumber 0.000213 383 413 408 416
Sea_cucumber 0.000285 3 410 53 416
Sea_cucumber 0.000288 0 395 27 414
Sea_cucumber 0.000329 14 413 41 416
Sea_cucumber 0.000330 412 1 416 23
Sea_cucumber 0.000379 413 303 416 328
Sea_cucumber 0.000385 1 372 7 416
Sea_cucumber 0.000463 0 0 6 7
Sea_cucumber 0.000536 409 0 415 7
Sea_cucumber 0.000581 0 394 5 414
Sea_cucumber 0.000589 410 293 415 354
Sea_cucumber 0.000600 395 412 414 416
Sea_cucumber 0.000806 410 409 415 415
Sea_cucumber 0.001737 0 409 8 415
Sea_cucumber 0.002342 4 411 20 415
