Sea_cucumber 0.016408 399 239 415 283
Sea_cucumber 0.018020 407 284 416 331
Sea_cucumber 0.018425 406 275 416 291
Sea_cucumber 0.035322 408 292 416 308
Sea_cucumber 0.042821 115 2 134 35
Sea_cucumber 0.060771 5 0 18 9
Sea_cucumber 0.068625 399 263 415 288
Sea_cucumber 0.093274 403 269 415 283
Sea_cucumber 0.122167 95 0 140 38
Sea_cucumber 0.128428 404 274 416 308
Sea_cucumber 0.218519 101 0 129 24
Sea_cucumber 0.656886 1 117 51 155
Sea_cucumber 0.661182 27 80 72 119
Sea_cucumber 0.661654 217 357 283 375
Sea_cucumber 0.882138 345 142 370 199
Sea_cucumber 0.953057 259 280 337 324
Sea_cucumber 0.970824 86 297 116 350
Sea_cucumber 0.978015 206 61 235 108
Sea_cucumber 0.983000 3 244 75 285
Sea_cucumber 0.991478 71 100 132 138
