Sea_cucumber 0.000545 64 275 104 304
Sea_cucumber 0.000563 0 0 7 46
Sea_cucumber 0.000684 0 108 5 126
Sea_cucumber 0.000789 365 413 395 416
Sea_cucumber 0.000798 410 3 416 21
Sea_cucumber 0.000836 407 410 415 416
Sea_cucumber 0.000842 353 410 408 416
Sea_cucumber 0.000965 117 35 144 53
Sea_cucumber 0.000969 94 2 136 23
Sea_cucumber 0.001480 87 3 148 38
Sea_cucumber 0.002468 0 29 5 61
Sea_cucumber 0.003290 0 46 17 75
Sea_cucumber 0.004076 0 4 13 74
Sea_cucumber 0.006064 378 411 400 416
Sea_cucumber 0.023327 388 409 405 416
Sea_cucumber 0.031440 75 8 124 29
Sea_cucumber 0.050321 0 21 7 68
Sea_cucumber 0.360624 0 52 9 71
Sea_cucumber 0.753203 378 78 414 119
Sea_cucumber 0.950379 1 79 35 128
