Sea_cucumber 0.000009 409 355 413 386
Sea_cucumber 0.000009 192 411 263 415
Sea_cucumber 0.000009 1 396 4 413
Sea_cucumber 0.000010 202 414 237 415
Sea_cucumber 0.000010 8 413 31 415
Sea_cucumber 0.000010 0 1 3 21
Sea_cucumber 0.000011 2 0 22 4
Sea_cucumber 0.000011 332 414 349 415
Sea_cucumber 0.000011 411 348 413 381
Sea_cucumber 0.000015 370 365 376 375
Sea_cucumber 0.000015 342 413 354 415
Sea_cucumber 0.000016 265 1 286 4
Sea_cucumber 0.000018 368 355 377 369
Sea_cucumber 0.000021 272 360 416 415
Sea_cucumber 0.000027 3 412 21 415
Sea_cucumber 0.000027 374 357 385 367
Sea_cucumber 0.000036 326 295 411 405
Sea_cucumber 0.000042 0 0 6 6
Sea_cucumber 0.000043 409 1 415 8
Sea_cucumber 0.000089 1 410 6 415
