Sea_cucumber 0.006315 238 409 300 415
Sea_cucumber 0.007365 407 255 415 314
Sea_cucumber 0.010035 190 69 204 125
Sea_cucumber 0.010639 156 276 186 309
Sea_cucumber 0.011711 281 408 349 415
Sea_cucumber 0.019118 107 264 139 275
Sea_cucumber 0.039371 271 408 313 416
Sea_cucumber 0.058854 398 274 415 313
Sea_cucumber 0.068417 281 410 302 415
Sea_cucumber 0.085733 189 309 204 354
Sea_cucumber 0.490517 155 282 203 335
Sea_cucumber 0.647477 396 294 415 319
Sea_cucumber 0.775897 130 184 166 226
Sea_cucumber 0.868252 347 1 416 18
Sea_cucumber 0.919353 175 54 203 120
Sea_cucumber 0.947387 382 66 415 138
Sea_cucumber 0.957924 205 170 270 251
Sea_cucumber 0.973035 5 59 84 96
Sea_cucumber 0.985603 221 336 299 374
Sea_cucumber 0.989550 50 232 80 292
