Sea_cucumber 0.000433 0 311 8 353
Sea_cucumber 0.000450 1 2 8 52
Sea_cucumber 0.000452 44 410 92 416
Sea_cucumber 0.000515 328 0 369 22
Sea_cucumber 0.000518 122 2 151 51
Sea_cucumber 0.000537 139 390 157 416
Sea_cucumber 0.000577 326 226 338 245
Sea_cucumber 0.000707 360 1 388 52
Sea_cucumber 0.000745 409 288 414 309
Sea_cucumber 0.000895 0 1 19 23
Sea_cucumber 0.000948 0 0 9 9
Sea_cucumber 0.001051 131 409 150 415
Sea_cucumber 0.001226 61 282 109 330
Sea_cucumber 0.001880 55 127 82 153
Sea_cucumber 0.002049 0 3 9 20
Sea_cucumber 0.002516 138 372 164 415
Sea_cucumber 0.002686 330 228 344 274
Sea_cucumber 0.002918 56 412 79 415
Sea_cucumber 0.261990 324 219 344 252
Sea_cucumber 0.696510 62 279 101 305
