Sea_cucumber 0.000020 413 1 416 22
Sea_cucumber 0.000020 311 27 354 46
Sea_cucumber 0.000021 87 67 156 109
Sea_cucumber 0.000022 228 145 261 167
Sea_cucumber 0.000023 306 410 374 416
Sea_cucumber 0.000024 0 278 5 337
Sea_cucumber 0.000025 1 0 23 4
Sea_cucumber 0.000028 326 7 397 44
Sea_cucumber 0.000030 311 413 337 416
Sea_cucumber 0.000037 9 413 30 415
Sea_cucumber 0.000044 411 81 415 101
Sea_cucumber 0.000047 0 303 3 329
Sea_cucumber 0.000059 0 0 6 6
Sea_cucumber 0.000059 348 11 382 27
Sea_cucumber 0.000065 4 412 21 415
Sea_cucumber 0.000082 410 0 416 6
Sea_cucumber 0.000098 411 409 415 415
Sea_cucumber 0.000111 0 316 3 332
Sea_cucumber 0.000122 314 360 377 390
Sea_cucumber 0.000128 0 410 6 415
