Sea_cucumber 0.002236 150 408 194 415
Sea_cucumber 0.002309 264 306 283 344
Sea_cucumber 0.002856 14 391 61 415
Sea_cucumber 0.003544 0 29 46 48
Sea_cucumber 0.003640 408 399 415 413
Sea_cucumber 0.004879 406 241 415 259
Sea_cucumber 0.005032 406 237 415 282
Sea_cucumber 0.008533 407 227 415 247
Sea_cucumber 0.011544 406 406 415 415
Sea_cucumber 0.013783 346 32 381 53
Sea_cucumber 0.014427 155 410 171 415
Sea_cucumber 0.032310 399 231 415 256
Sea_cucumber 0.032783 302 37 382 77
Sea_cucumber 0.038670 351 406 410 416
Sea_cucumber 0.247124 294 49 339 85
Sea_cucumber 0.302005 381 404 413 415
Sea_cucumber 0.651421 202 373 236 399
Sea_cucumber 0.754351 0 31 48 76
Sea_cucumber 0.829964 35 385 67 416
Sea_cucumber 0.967532 311 224 335 284
