Sea_cucumber 0.000068 412 3 416 21
Sea_cucumber 0.000076 1 395 6 414
Sea_cucumber 0.000077 13 413 42 415
Sea_cucumber 0.000083 0 0 3 23
Sea_cucumber 0.000092 0 13 6 74
Sea_cucumber 0.000099 0 409 45 415
Sea_cucumber 0.000103 16 411 88 415
Sea_cucumber 0.000112 394 0 415 5
Sea_cucumber 0.000115 1 372 7 416
Sea_cucumber 0.000132 0 395 39 414
Sea_cucumber 0.000133 413 359 416 384
Sea_cucumber 0.000188 393 412 414 416
Sea_cucumber 0.000192 317 0 347 4
Sea_cucumber 0.000195 4 369 39 416
Sea_cucumber 0.000211 0 0 6 6
Sea_cucumber 0.000244 297 0 351 7
Sea_cucumber 0.000261 410 410 415 415
Sea_cucumber 0.000301 408 0 415 7
Sea_cucumber 0.000496 2 412 21 415
Sea_cucumber 0.000548 0 410 9 415
