Sea_cucumber 0.000174 342 93 371 142
Sea_cucumber 0.000181 265 407 303 416
Sea_cucumber 0.000184 0 376 7 415
Sea_cucumber 0.000192 339 110 346 141
Sea_cucumber 0.000236 0 377 5 400
Sea_cucumber 0.000242 193 0 215 3
Sea_cucumber 0.000273 235 236 249 264
Sea_cucumber 0.000274 397 410 414 415
Sea_cucumber 0.000279 0 131 6 181
Sea_cucumber 0.000286 289 409 307 415
Sea_cucumber 0.000356 275 409 297 416
Sea_cucumber 0.000373 407 408 415 416
Sea_cucumber 0.000492 0 156 7 203
Sea_cucumber 0.000512 412 2 416 21
Sea_cucumber 0.000514 123 328 137 353
Sea_cucumber 0.000568 315 0 334 8
Sea_cucumber 0.000712 411 0 416 10
Sea_cucumber 0.000733 1 161 6 184
Sea_cucumber 0.002407 284 407 300 415
Sea_cucumber 0.024866 340 105 352 143
