Sea_cucumber 0.000008 370 0 405 44
Sea_cucumber 0.000008 393 1 415 5
Sea_cucumber 0.000008 73 3 137 43
Sea_cucumber 0.000008 330 135 368 160
Sea_cucumber 0.000009 0 198 3 225
Sea_cucumber 0.000012 413 2 416 21
Sea_cucumber 0.000012 81 0 152 6
Sea_cucumber 0.000014 47 413 71 416
Sea_cucumber 0.000015 39 322 107 364
Sea_cucumber 0.000016 1 395 4 415
Sea_cucumber 0.000017 54 335 119 381
Sea_cucumber 0.000021 0 0 5 6
Sea_cucumber 0.000022 27 412 45 415
Sea_cucumber 0.000025 9 413 29 415
Sea_cucumber 0.000038 411 410 415 415
Sea_cucumber 0.000042 409 1 415 7
Sea_cucumber 0.000046 3 412 20 415
Sea_cucumber 0.000059 1 1 52 43
Sea_cucumber 0.000079 9 159 69 204
Sea_cucumber 0.000097 1 409 7 415
