Sea_cucumber 0.000042 409 1 415 8
Sea_cucumber 0.000044 230 413 258 416
Sea_cucumber 0.000047 222 90 249 108
Sea_cucumber 0.000049 264 0 287 3
Sea_cucumber 0.000066 10 413 45 416
Sea_cucumber 0.000066 174 411 249 415
Sea_cucumber 0.000068 0 0 7 43
Sea_cucumber 0.000069 30 413 57 415
Sea_cucumber 0.000078 1 371 7 416
Sea_cucumber 0.000091 0 2 4 22
Sea_cucumber 0.000095 0 398 28 414
Sea_cucumber 0.000095 11 410 77 415
Sea_cucumber 0.000107 66 411 151 415
Sea_cucumber 0.000114 8 19 48 37
Sea_cucumber 0.000121 11 11 60 30
Sea_cucumber 0.000206 1 397 5 413
Sea_cucumber 0.000221 0 0 6 7
Sea_cucumber 0.000317 0 409 46 415
Sea_cucumber 0.001188 1 411 21 415
Sea_cucumber 0.002386 1 409 9 415
