Sea_cucumber 0.002595 378 105 414 125
Sea_cucumber 0.002724 345 216 412 250
Sea_cucumber 0.002815 207 405 249 415
Sea_cucumber 0.003395 189 288 221 312
Sea_cucumber 0.003502 227 408 246 416
Sea_cucumber 0.004860 191 396 251 416
Sea_cucumber 0.005492 204 383 262 414
Sea_cucumber 0.006826 0 21 3 52
Sea_cucumber 0.006940 0 45 6 105
Sea_cucumber 0.007058 0 45 5 72
Sea_cucumber 0.010016 0 0 6 59
Sea_cucumber 0.043336 0 32 8 71
Sea_cucumber 0.094388 241 391 279 415
Sea_cucumber 0.107911 1 42 7 62
Sea_cucumber 0.264136 228 390 258 415
Sea_cucumber 0.473885 343 212 371 253
Sea_cucumber 0.542657 199 283 232 328
Sea_cucumber 0.697559 220 275 247 324
Sea_cucumber 0.750885 133 347 197 366
Sea_cucumber 0.888156 372 219 414 239
