Sea_cucumber 0.000038 20 19 91 58
Sea_cucumber 0.000039 9 82 72 126
Sea_cucumber 0.000040 142 17 170 39
Sea_cucumber 0.000046 182 412 208 416
Sea_cucumber 0.000049 312 66 377 111
Sea_cucumber 0.000050 409 0 415 6
Sea_cucumber 0.000052 411 410 415 416
Sea_cucumber 0.000053 0 0 6 6
Sea_cucumber 0.000058 131 1 146 8
Sea_cucumber 0.000063 411 275 416 294
Sea_cucumber 0.000073 140 19 153 36
Sea_cucumber 0.000074 330 79 389 125
Sea_cucumber 0.000083 134 1 148 35
Sea_cucumber 0.000142 0 410 7 415
Sea_cucumber 0.000147 151 411 179 416
Sea_cucumber 0.000164 165 408 210 416
Sea_cucumber 0.000200 140 408 188 416
Sea_cucumber 0.000261 126 372 156 391
Sea_cucumber 0.000384 175 411 198 416
Sea_cucumber 0.001988 165 409 182 416
