Sea_cucumber 0.002739 268 38 287 61
Sea_cucumber 0.002942 0 320 5 374
Sea_cucumber 0.003189 406 320 415 343
Sea_cucumber 0.003635 399 304 414 333
Sea_cucumber 0.004395 116 408 179 415
Sea_cucumber 0.010268 0 301 5 345
Sea_cucumber 0.021123 91 405 125 415
Sea_cucumber 0.023012 229 11 262 30
Sea_cucumber 0.023419 112 404 151 416
Sea_cucumber 0.033244 12 20 62 34
Sea_cucumber 0.035321 115 404 130 415
Sea_cucumber 0.041278 242 17 262 29
Sea_cucumber 0.047596 0 323 3 340
Sea_cucumber 0.068848 108 398 126 416
Sea_cucumber 0.473798 227 163 270 204
Sea_cucumber 0.762520 269 27 301 59
Sea_cucumber 0.914499 398 315 416 345
Sea_cucumber 0.976272 187 138 238 178
Sea_cucumber 0.989533 254 62 279 132
Sea_cucumber 0.993546 359 10 380 77
