Sea_cucumber 0.000480 389 50 405 71
Sea_cucumber 0.000531 396 36 414 70
Sea_cucumber 0.000799 60 347 74 364
Sea_cucumber 0.000854 384 411 408 416
Sea_cucumber 0.000951 127 322 150 345
Sea_cucumber 0.001063 67 338 97 360
Sea_cucumber 0.001116 408 407 415 416
Sea_cucumber 0.001229 53 338 114 371
Sea_cucumber 0.001247 149 409 195 415
Sea_cucumber 0.001256 396 410 414 416
Sea_cucumber 0.001366 389 303 415 330
Sea_cucumber 0.001624 410 387 416 406
Sea_cucumber 0.001640 34 38 50 62
Sea_cucumber 0.002323 408 396 415 412
Sea_cucumber 0.003444 116 270 143 298
Sea_cucumber 0.004670 153 410 173 416
Sea_cucumber 0.518611 54 342 84 367
Sea_cucumber 0.932735 134 83 182 121
Sea_cucumber 0.973660 290 102 315 159
Sea_cucumber 0.998453 181 163 213 228
