Sea_cucumber 0.000160 0 265 5 286
Sea_cucumber 0.000165 409 409 416 416
Sea_cucumber 0.000170 393 411 415 415
Sea_cucumber 0.000180 376 395 415 415
Sea_cucumber 0.000184 106 260 158 274
Sea_cucumber 0.000211 0 178 3 198
Sea_cucumber 0.000222 0 130 6 151
Sea_cucumber 0.000249 407 0 416 7
Sea_cucumber 0.000284 0 410 8 415
Sea_cucumber 0.000299 0 102 5 115
Sea_cucumber 0.000303 346 409 399 416
Sea_cucumber 0.000306 372 408 416 416
Sea_cucumber 0.000321 412 306 416 325
Sea_cucumber 0.000324 382 411 408 415
Sea_cucumber 0.000342 361 412 385 416
Sea_cucumber 0.000359 122 0 158 10
Sea_cucumber 0.000513 0 4 7 19
Sea_cucumber 0.000709 0 0 7 10
Sea_cucumber 0.000936 330 61 365 87
Sea_cucumber 0.001287 368 411 393 416
