Sea_cucumber 0.000273 0 250 5 269
Sea_cucumber 0.000290 232 0 273 19
Sea_cucumber 0.000388 0 236 5 253
Sea_cucumber 0.000447 20 382 36 410
Sea_cucumber 0.000449 0 411 22 415
Sea_cucumber 0.000605 409 0 415 7
Sea_cucumber 0.000800 257 0 295 19
Sea_cucumber 0.000847 0 245 6 259
Sea_cucumber 0.001129 1 410 7 415
Sea_cucumber 0.001641 413 81 416 100
Sea_cucumber 0.001651 217 0 273 7
Sea_cucumber 0.002738 1 221 27 274
Sea_cucumber 0.003266 239 0 267 5
Sea_cucumber 0.004819 262 1 285 7
Sea_cucumber 0.008151 255 0 313 9
Sea_cucumber 0.010976 245 0 274 10
Sea_cucumber 0.215811 260 0 273 9
Sea_cucumber 0.710416 146 222 217 248
Sea_cucumber 0.711325 274 350 296 402
Sea_cucumber 0.878145 196 322 262 351
