Sea_cucumber 0.000324 309 217 326 238
Sea_cucumber 0.000445 355 339 368 356
Sea_cucumber 0.000453 0 409 7 415
Sea_cucumber 0.000480 297 330 366 360
Sea_cucumber 0.000480 412 73 416 93
Sea_cucumber 0.000491 409 70 416 113
Sea_cucumber 0.000610 0 261 6 275
Sea_cucumber 0.000669 232 0 255 4
Sea_cucumber 0.000785 341 340 356 355
Sea_cucumber 0.000935 338 187 357 209
Sea_cucumber 0.000985 346 326 383 341
Sea_cucumber 0.001290 352 330 390 350
Sea_cucumber 0.001296 331 336 352 357
Sea_cucumber 0.002076 324 340 359 367
Sea_cucumber 0.005704 330 330 384 363
Sea_cucumber 0.028475 327 190 368 214
Sea_cucumber 0.085831 321 331 360 352
Sea_cucumber 0.161347 347 336 365 363
Sea_cucumber 0.244834 310 189 353 216
Sea_cucumber 0.764832 359 40 393 81
