Sea_cucumber 0.000098 1 0 22 4
Sea_cucumber 0.000103 205 413 234 416
Sea_cucumber 0.000105 224 407 280 416
Sea_cucumber 0.000115 345 0 366 3
Sea_cucumber 0.000123 0 147 5 212
Sea_cucumber 0.000145 281 410 351 415
Sea_cucumber 0.000166 7 412 32 415
Sea_cucumber 0.000171 411 409 415 415
Sea_cucumber 0.000179 19 410 86 415
Sea_cucumber 0.000180 0 127 5 184
Sea_cucumber 0.000188 158 410 234 415
Sea_cucumber 0.000189 0 0 7 7
Sea_cucumber 0.000209 394 412 412 416
Sea_cucumber 0.000242 0 408 45 415
Sea_cucumber 0.000248 197 409 259 415
Sea_cucumber 0.000282 339 0 357 4
Sea_cucumber 0.000401 1 411 21 415
Sea_cucumber 0.000404 259 408 325 415
Sea_cucumber 0.000639 1 409 7 416
Sea_cucumber 0.000645 0 154 3 174
