Sea_cucumber 0.002410 374 412 404 416
Sea_cucumber 0.002466 50 256 87 280
Sea_cucumber 0.002558 0 404 41 416
Sea_cucumber 0.002971 84 100 104 130
Sea_cucumber 0.003957 321 378 368 415
Sea_cucumber 0.003967 0 350 38 408
Sea_cucumber 0.006415 411 99 415 117
Sea_cucumber 0.006772 407 409 415 415
Sea_cucumber 0.007710 275 409 294 415
Sea_cucumber 0.010324 387 396 416 415
Sea_cucumber 0.060418 35 0 68 24
Sea_cucumber 0.068252 378 408 415 415
Sea_cucumber 0.069837 347 380 406 416
Sea_cucumber 0.301536 79 77 109 129
Sea_cucumber 0.673835 298 298 347 320
Sea_cucumber 0.676204 346 381 363 414
Sea_cucumber 0.677075 0 389 39 406
Sea_cucumber 0.705253 329 37 379 73
Sea_cucumber 0.940236 310 120 332 185
Sea_cucumber 0.947944 217 362 243 411
