Sea_cucumber 0.002072 0 6 5 32
Sea_cucumber 0.002230 401 92 416 176
Sea_cucumber 0.003871 0 92 9 123
Sea_cucumber 0.003927 0 0 9 9
Sea_cucumber 0.004378 0 0 7 55
Sea_cucumber 0.007949 0 1 8 21
Sea_cucumber 0.009289 14 1 91 9
Sea_cucumber 0.009523 399 87 413 101
Sea_cucumber 0.014160 407 96 415 116
Sea_cucumber 0.014943 405 92 415 138
Sea_cucumber 0.021380 0 100 7 114
Sea_cucumber 0.045619 237 298 254 317
Sea_cucumber 0.046904 25 0 96 18
Sea_cucumber 0.452046 300 171 327 217
Sea_cucumber 0.541716 68 0 100 18
Sea_cucumber 0.614980 203 33 222 74
Sea_cucumber 0.689778 398 88 416 114
Sea_cucumber 0.807710 237 299 279 319
Sea_cucumber 0.973568 21 80 77 150
Sea_cucumber 0.990726 287 2 328 25
