Sea_cucumber 0.001967 0 42 8 92
Sea_cucumber 0.002168 0 0 18 50
Sea_cucumber 0.002291 222 132 236 149
Sea_cucumber 0.002329 0 23 16 118
Sea_cucumber 0.002352 376 409 416 416
Sea_cucumber 0.003773 220 130 273 171
Sea_cucumber 0.004767 340 18 370 64
Sea_cucumber 0.005009 0 0 8 44
Sea_cucumber 0.005314 325 22 359 49
Sea_cucumber 0.019458 380 411 396 416
Sea_cucumber 0.029709 364 66 377 100
Sea_cucumber 0.032205 165 181 184 213
Sea_cucumber 0.076006 221 129 247 151
Sea_cucumber 0.087812 342 39 378 99
Sea_cucumber 0.136583 344 22 363 47
Sea_cucumber 0.288362 169 178 198 220
Sea_cucumber 0.451742 0 21 13 66
Sea_cucumber 0.759757 0 377 48 415
Sea_cucumber 0.983344 165 29 214 82
Sea_cucumber 0.987226 262 188 307 236
