Sea_cucumber 0.003573 122 141 159 155
Sea_cucumber 0.003802 233 325 292 367
Sea_cucumber 0.004140 46 322 72 346
Sea_cucumber 0.004238 0 20 5 37
Sea_cucumber 0.004493 1 0 8 39
Sea_cucumber 0.005024 43 233 71 276
Sea_cucumber 0.006822 0 230 6 289
Sea_cucumber 0.010637 0 204 7 267
Sea_cucumber 0.015852 165 150 196 173
Sea_cucumber 0.016648 0 1 41 20
Sea_cucumber 0.018800 46 254 75 282
Sea_cucumber 0.054621 260 337 279 363
Sea_cucumber 0.156101 44 239 61 268
Sea_cucumber 0.157857 1 186 15 279
Sea_cucumber 0.226576 1 194 11 243
Sea_cucumber 0.269796 132 141 197 173
Sea_cucumber 0.439520 263 348 320 368
Sea_cucumber 0.441138 40 323 68 372
Sea_cucumber 0.454011 232 319 257 364
Sea_cucumber 0.538941 114 170 136 202
