Sea_cucumber 0.000066 0 410 6 416
Sea_cucumber 0.000067 413 7 415 30
Sea_cucumber 0.000079 411 25 416 78
Sea_cucumber 0.000080 335 410 408 415
Sea_cucumber 0.000088 412 396 415 413
Sea_cucumber 0.000089 98 412 117 415
Sea_cucumber 0.000091 408 1 414 7
Sea_cucumber 0.000100 0 334 6 378
Sea_cucumber 0.000115 376 413 400 416
Sea_cucumber 0.000153 413 37 415 66
Sea_cucumber 0.000177 372 409 416 415
Sea_cucumber 0.000207 394 2 414 6
Sea_cucumber 0.000232 413 64 415 102
Sea_cucumber 0.000313 411 409 415 415
Sea_cucumber 0.000360 393 412 414 416
Sea_cucumber 0.000370 0 341 4 357
Sea_cucumber 0.000558 410 49 416 86
Sea_cucumber 0.001159 410 56 415 110
Sea_cucumber 0.001513 412 50 415 71
Sea_cucumber 0.009369 411 61 416 75
