Sea_cucumber 0.000674 400 326 415 356
Sea_cucumber 0.000725 355 0 373 5
Sea_cucumber 0.000773 407 342 416 383
Sea_cucumber 0.000802 409 330 415 352
Sea_cucumber 0.000892 0 409 21 415
Sea_cucumber 0.001087 127 412 153 415
Sea_cucumber 0.001438 0 202 5 234
Sea_cucumber 0.001493 84 1 103 8
Sea_cucumber 0.001525 0 397 6 413
Sea_cucumber 0.001605 0 197 17 226
Sea_cucumber 0.001818 0 195 14 267
Sea_cucumber 0.002482 84 231 99 271
Sea_cucumber 0.002974 0 175 9 218
Sea_cucumber 0.003411 0 407 8 415
Sea_cucumber 0.007158 0 199 7 255
Sea_cucumber 0.009775 405 333 415 365
Sea_cucumber 0.009797 86 230 98 246
Sea_cucumber 0.034885 0 201 9 220
Sea_cucumber 0.913811 12 267 38 327
Sea_cucumber 0.924323 313 12 345 59
