Sea_cucumber 0.000265 0 34 3 68
Sea_cucumber 0.000321 320 0 344 6
Sea_cucumber 0.000325 203 410 221 416
Sea_cucumber 0.000336 0 0 6 42
Sea_cucumber 0.000373 351 1 376 8
Sea_cucumber 0.000393 0 323 7 341
Sea_cucumber 0.000409 1 329 18 350
Sea_cucumber 0.000428 325 30 352 57
Sea_cucumber 0.000452 204 0 221 4
Sea_cucumber 0.000484 244 270 264 282
Sea_cucumber 0.000611 0 20 5 67
Sea_cucumber 0.000927 347 0 363 7
Sea_cucumber 0.001023 1 332 7 349
Sea_cucumber 0.001095 321 1 358 10
Sea_cucumber 0.001458 88 345 113 362
Sea_cucumber 0.001638 338 0 358 6
Sea_cucumber 0.003232 0 26 4 46
Sea_cucumber 0.014967 178 232 194 251
Sea_cucumber 0.017362 348 3 380 19
Sea_cucumber 0.020463 324 2 372 22
