Sea_cucumber 0.000020 392 0 416 5
Sea_cucumber 0.000022 155 0 187 2
Sea_cucumber 0.000023 284 183 300 197
Sea_cucumber 0.000026 384 413 408 416
Sea_cucumber 0.000031 141 0 203 5
Sea_cucumber 0.000036 119 0 177 6
Sea_cucumber 0.000050 396 413 412 415
Sea_cucumber 0.000055 9 412 29 415
Sea_cucumber 0.000056 74 66 136 109
Sea_cucumber 0.000064 193 412 213 415
Sea_cucumber 0.000074 0 0 6 6
Sea_cucumber 0.000081 410 0 415 7
Sea_cucumber 0.000085 3 411 21 415
Sea_cucumber 0.000090 302 235 316 248
Sea_cucumber 0.000090 143 0 170 3
Sea_cucumber 0.000098 0 409 7 416
Sea_cucumber 0.000099 411 410 415 415
Sea_cucumber 0.000493 294 173 309 188
Sea_cucumber 0.001461 282 190 302 202
Sea_cucumber 0.007277 277 174 308 201
