Sea_cucumber 0.000377 279 411 303 415
Sea_cucumber 0.000386 86 398 184 416
Sea_cucumber 0.000404 0 121 4 143
Sea_cucumber 0.000460 0 101 6 146
Sea_cucumber 0.000657 0 17 6 71
Sea_cucumber 0.000794 0 58 7 109
Sea_cucumber 0.000820 83 411 117 415
Sea_cucumber 0.001035 53 409 116 415
Sea_cucumber 0.001180 266 410 287 415
Sea_cucumber 0.001584 298 397 333 414
Sea_cucumber 0.002186 0 49 5 72
Sea_cucumber 0.002833 203 69 222 96
Sea_cucumber 0.003213 91 400 138 415
Sea_cucumber 0.004212 0 58 8 77
Sea_cucumber 0.005656 102 408 161 416
Sea_cucumber 0.005730 111 410 136 416
Sea_cucumber 0.071113 84 407 133 415
Sea_cucumber 0.137543 108 61 154 114
Sea_cucumber 0.791330 166 93 212 117
Sea_cucumber 0.992960 103 260 158 308
