Sea_cucumber 0.000083 366 329 397 353
Sea_cucumber 0.000087 80 0 105 6
Sea_cucumber 0.000111 106 0 123 8
Sea_cucumber 0.000114 0 0 6 7
Sea_cucumber 0.000136 411 409 415 415
Sea_cucumber 0.000157 79 412 105 416
Sea_cucumber 0.000298 273 412 310 416
Sea_cucumber 0.000419 253 407 298 415
Sea_cucumber 0.000429 316 412 346 416
Sea_cucumber 0.000436 84 0 117 12
Sea_cucumber 0.000502 256 412 280 415
Sea_cucumber 0.000523 91 1 110 9
Sea_cucumber 0.000664 259 395 291 415
Sea_cucumber 0.000746 304 409 359 416
Sea_cucumber 0.001150 266 397 319 416
Sea_cucumber 0.001321 265 410 286 415
Sea_cucumber 0.003500 267 369 293 413
Sea_cucumber 0.004021 100 0 116 18
Sea_cucumber 0.009068 304 410 329 416
Sea_cucumber 0.009414 270 408 331 415
