Sea_cucumber 0.002725 413 130 416 163
Sea_cucumber 0.002784 375 370 412 416
Sea_cucumber 0.002907 408 0 415 7
Sea_cucumber 0.003031 402 115 416 189
Sea_cucumber 0.003093 177 212 197 256
Sea_cucumber 0.003250 324 409 389 416
Sea_cucumber 0.003273 362 411 397 416
Sea_cucumber 0.003739 407 409 415 415
Sea_cucumber 0.005882 394 410 415 415
Sea_cucumber 0.006005 30 0 73 6
Sea_cucumber 0.011013 411 114 416 165
Sea_cucumber 0.011145 412 119 416 145
Sea_cucumber 0.029360 35 0 51 4
Sea_cucumber 0.139789 353 406 407 415
Sea_cucumber 0.216441 362 395 412 415
Sea_cucumber 0.854901 61 350 127 380
Sea_cucumber 0.975643 351 236 400 285
Sea_cucumber 0.989163 134 157 213 191
Sea_cucumber 0.992999 333 295 375 356
Sea_cucumber 0.993212 175 211 229 254
