Sea_cucumber 0.006330 324 38 416 112
Sea_cucumber 0.012073 326 305 357 327
Sea_cucumber 0.016895 67 0 86 3
Sea_cucumber 0.017170 398 189 415 204
Sea_cucumber 0.018296 388 13 405 45
Sea_cucumber 0.030715 335 396 375 416
Sea_cucumber 0.031347 178 210 195 247
Sea_cucumber 0.031720 398 203 415 232
Sea_cucumber 0.033342 1 351 36 377
Sea_cucumber 0.082411 332 397 349 415
Sea_cucumber 0.312691 336 28 392 61
Sea_cucumber 0.532797 316 306 351 361
Sea_cucumber 0.543584 179 184 216 247
Sea_cucumber 0.557938 397 189 416 221
Sea_cucumber 0.566209 388 84 415 113
Sea_cucumber 0.625582 256 78 293 122
Sea_cucumber 0.628180 0 203 55 236
Sea_cucumber 0.934429 319 59 349 120
Sea_cucumber 0.973517 70 270 136 316
Sea_cucumber 0.979301 58 64 135 107
