Sea_cucumber 0.000281 0 409 8 416
Sea_cucumber 0.000283 0 19 4 37
Sea_cucumber 0.000297 36 0 66 3
Sea_cucumber 0.000363 413 46 416 74
Sea_cucumber 0.000443 0 0 24 5
Sea_cucumber 0.000462 24 0 80 6
Sea_cucumber 0.000533 393 412 415 416
Sea_cucumber 0.000655 413 55 416 97
Sea_cucumber 0.000902 410 409 416 415
Sea_cucumber 0.000918 411 28 416 92
Sea_cucumber 0.001041 0 0 7 7
Sea_cucumber 0.001108 0 0 45 6
Sea_cucumber 0.002470 412 100 416 129
Sea_cucumber 0.002758 26 0 46 3
Sea_cucumber 0.003022 403 34 415 112
Sea_cucumber 0.006474 410 91 416 139
Sea_cucumber 0.011092 409 81 416 116
Sea_cucumber 0.050334 410 59 416 109
Sea_cucumber 0.054469 412 81 416 104
Sea_cucumber 0.186944 410 93 416 107
