Sea_cucumber 0.000245 410 1 416 22
Sea_cucumber 0.000270 0 397 6 413
Sea_cucumber 0.000282 413 188 416 220
Sea_cucumber 0.000300 41 412 64 415
Sea_cucumber 0.000337 344 408 401 416
Sea_cucumber 0.000361 408 379 415 397
Sea_cucumber 0.000363 2 411 22 415
Sea_cucumber 0.000405 400 165 414 195
Sea_cucumber 0.000424 408 409 416 416
Sea_cucumber 0.000491 408 0 416 8
Sea_cucumber 0.000530 127 0 154 5
Sea_cucumber 0.000636 396 382 416 411
Sea_cucumber 0.000672 409 177 415 230
Sea_cucumber 0.000804 409 144 415 165
Sea_cucumber 0.001012 342 408 356 415
Sea_cucumber 0.001121 0 408 8 415
Sea_cucumber 0.001955 407 168 415 207
Sea_cucumber 0.002056 131 383 149 408
Sea_cucumber 0.002495 407 142 415 186
Sea_cucumber 0.986325 233 274 294 317
