Sea_cucumber 0.000096 412 395 416 413
Sea_cucumber 0.000101 168 412 193 415
Sea_cucumber 0.000102 413 6 415 32
Sea_cucumber 0.000105 192 411 264 415
Sea_cucumber 0.000107 257 410 327 415
Sea_cucumber 0.000118 0 0 7 6
Sea_cucumber 0.000185 110 411 138 415
Sea_cucumber 0.000188 1 412 23 415
Sea_cucumber 0.000202 107 409 173 415
Sea_cucumber 0.000207 303 413 327 415
Sea_cucumber 0.000215 182 410 209 415
Sea_cucumber 0.000227 30 395 146 415
Sea_cucumber 0.000248 177 408 231 415
Sea_cucumber 0.000292 412 4 415 19
Sea_cucumber 0.000304 0 410 8 415
Sea_cucumber 0.000341 409 1 415 7
Sea_cucumber 0.000350 77 408 138 415
Sea_cucumber 0.000377 394 413 413 416
Sea_cucumber 0.000758 411 410 415 415
Sea_cucumber 0.000815 102 394 145 414
