Sea_cucumber 0.000352 0 0 7 6
Sea_cucumber 0.000388 199 219 213 254
Sea_cucumber 0.000403 412 178 416 198
Sea_cucumber 0.000464 411 51 415 71
Sea_cucumber 0.000470 412 91 416 124
Sea_cucumber 0.000507 408 1 415 7
Sea_cucumber 0.000619 413 9 415 30
Sea_cucumber 0.000780 412 5 416 18
Sea_cucumber 0.000859 408 36 415 85
Sea_cucumber 0.000916 401 59 413 78
Sea_cucumber 0.001198 409 66 416 100
Sea_cucumber 0.001920 401 16 416 101
Sea_cucumber 0.002276 407 58 415 80
Sea_cucumber 0.003136 409 74 416 140
Sea_cucumber 0.088762 401 64 416 139
Sea_cucumber 0.382073 403 59 415 95
Sea_cucumber 0.602703 176 199 212 230
Sea_cucumber 0.805920 292 8 307 61
Sea_cucumber 0.904180 347 131 382 173
Sea_cucumber 0.937110 294 111 358 126
