Sea_cucumber 0.000938 117 408 162 416
Sea_cucumber 0.001344 330 410 350 415
Sea_cucumber 0.001571 412 157 416 170
Sea_cucumber 0.001754 411 27 416 42
Sea_cucumber 0.001767 411 146 416 166
Sea_cucumber 0.001896 134 185 175 278
Sea_cucumber 0.001933 149 235 165 270
Sea_cucumber 0.001999 129 411 148 415
Sea_cucumber 0.002016 177 409 215 416
Sea_cucumber 0.002627 102 407 143 415
Sea_cucumber 0.003452 121 409 140 415
Sea_cucumber 0.004815 79 374 135 410
Sea_cucumber 0.005126 149 253 176 280
Sea_cucumber 0.007641 69 53 96 69
Sea_cucumber 0.015892 186 410 206 415
Sea_cucumber 0.026168 94 398 135 414
Sea_cucumber 0.621121 3 178 74 193
Sea_cucumber 0.917440 370 115 392 184
Sea_cucumber 0.936174 140 191 168 245
Sea_cucumber 0.990741 50 53 89 117
