Sea_cucumber 0.003694 312 0 350 13
Sea_cucumber 0.004194 115 76 129 110
Sea_cucumber 0.004280 324 0 342 19
Sea_cucumber 0.004438 190 70 222 95
Sea_cucumber 0.005877 273 409 295 416
Sea_cucumber 0.007218 85 396 118 413
Sea_cucumber 0.007856 292 0 323 4
Sea_cucumber 0.032162 37 148 87 165
Sea_cucumber 0.032392 284 1 333 8
Sea_cucumber 0.039169 112 79 140 132
Sea_cucumber 0.056315 117 387 148 406
Sea_cucumber 0.071044 68 96 86 121
Sea_cucumber 0.081590 85 43 115 66
Sea_cucumber 0.082113 92 391 139 413
Sea_cucumber 0.106679 292 0 342 19
Sea_cucumber 0.309420 194 60 242 96
Sea_cucumber 0.413230 55 148 93 180
Sea_cucumber 0.696949 142 79 159 116
Sea_cucumber 0.855438 287 292 339 330
Sea_cucumber 0.990050 150 219 197 266
