Sea_cucumber 0.000204 183 411 209 415
Sea_cucumber 0.000211 239 0 264 6
Sea_cucumber 0.000234 163 44 182 63
Sea_cucumber 0.000240 131 409 149 415
Sea_cucumber 0.000250 106 410 128 415
Sea_cucumber 0.000273 138 409 158 415
Sea_cucumber 0.000279 186 0 238 7
Sea_cucumber 0.000292 407 329 415 366
Sea_cucumber 0.000316 205 312 222 336
Sea_cucumber 0.000339 154 0 207 7
Sea_cucumber 0.000343 336 314 375 333
Sea_cucumber 0.000357 115 406 149 416
Sea_cucumber 0.000414 40 1 63 7
Sea_cucumber 0.000421 196 409 244 416
Sea_cucumber 0.000427 151 0 174 4
Sea_cucumber 0.000453 347 410 365 415
Sea_cucumber 0.000908 115 409 134 415
Sea_cucumber 0.000974 217 0 255 8
Sea_cucumber 0.001642 258 127 276 150
Sea_cucumber 0.002416 217 410 240 416
