Sea_cucumber 0.003821 406 247 415 289
Sea_cucumber 0.005733 335 46 349 80
Sea_cucumber 0.005856 398 273 414 284
Sea_cucumber 0.006613 396 211 415 289
Sea_cucumber 0.006758 188 0 220 9
Sea_cucumber 0.008858 317 49 350 99
Sea_cucumber 0.014096 61 224 73 263
Sea_cucumber 0.015385 403 294 416 321
Sea_cucumber 0.023884 397 263 415 290
Sea_cucumber 0.026546 202 0 218 7
Sea_cucumber 0.070846 50 194 72 262
Sea_cucumber 0.116322 405 309 415 319
Sea_cucumber 0.147114 397 279 415 289
Sea_cucumber 0.193385 397 279 416 318
Sea_cucumber 0.348782 337 52 353 96
Sea_cucumber 0.589538 278 74 341 139
Sea_cucumber 0.699966 89 27 118 79
Sea_cucumber 0.761461 222 80 262 110
Sea_cucumber 0.899051 1 4 38 48
Sea_cucumber 0.999356 131 138 165 198
