Sea_cucumber 0.001076 46 1 54 21
Sea_cucumber 0.001100 333 244 349 272
Sea_cucumber 0.001227 391 109 414 119
Sea_cucumber 0.001503 0 247 5 271
Sea_cucumber 0.001504 346 253 364 266
Sea_cucumber 0.002014 381 93 415 145
Sea_cucumber 0.002988 18 0 51 21
Sea_cucumber 0.003002 332 240 383 280
Sea_cucumber 0.003124 408 0 415 7
Sea_cucumber 0.003165 286 112 311 133
Sea_cucumber 0.003925 334 255 364 276
Sea_cucumber 0.004756 0 243 7 292
Sea_cucumber 0.006182 375 111 405 169
Sea_cucumber 0.018058 389 64 416 118
Sea_cucumber 0.042671 333 241 364 266
Sea_cucumber 0.701273 387 96 416 120
Sea_cucumber 0.825545 280 277 308 308
Sea_cucumber 0.826746 367 123 390 173
Sea_cucumber 0.865810 248 363 282 407
Sea_cucumber 0.938304 273 178 341 195
