Sea_cucumber 0.003128 0 397 7 414
Sea_cucumber 0.003305 0 243 15 313
Sea_cucumber 0.003372 197 367 230 415
Sea_cucumber 0.003634 2 395 20 415
Sea_cucumber 0.004023 0 199 14 265
Sea_cucumber 0.011339 202 409 224 416
Sea_cucumber 0.012323 0 408 9 415
Sea_cucumber 0.018271 4 406 20 415
Sea_cucumber 0.019037 210 406 245 416
Sea_cucumber 0.029594 0 249 11 286
Sea_cucumber 0.038984 189 365 217 390
Sea_cucumber 0.043720 0 226 11 263
Sea_cucumber 0.054708 213 407 228 416
Sea_cucumber 0.430384 0 251 12 264
Sea_cucumber 0.774594 396 59 415 123
Sea_cucumber 0.899834 260 290 302 354
Sea_cucumber 0.968016 85 209 112 257
Sea_cucumber 0.978915 279 281 313 349
Sea_cucumber 0.981462 355 330 374 409
Sea_cucumber 0.994450 141 255 191 308
