Sea_cucumber 0.000812 0 410 9 416
Sea_cucumber 0.000926 246 139 263 175
Sea_cucumber 0.000938 0 410 43 415
Sea_cucumber 0.001155 295 0 318 5
Sea_cucumber 0.001194 408 27 415 76
Sea_cucumber 0.001228 159 314 200 335
Sea_cucumber 0.001270 407 19 415 52
Sea_cucumber 0.001271 284 0 316 9
Sea_cucumber 0.001307 395 0 413 8
Sea_cucumber 0.002578 264 0 305 7
Sea_cucumber 0.002580 9 412 31 415
Sea_cucumber 0.002644 378 0 412 20
Sea_cucumber 0.002719 44 372 78 400
Sea_cucumber 0.005254 372 0 405 11
Sea_cucumber 0.026926 291 0 306 6
Sea_cucumber 0.147627 247 140 270 200
Sea_cucumber 0.634276 297 169 352 185
Sea_cucumber 0.774061 41 59 115 75
Sea_cucumber 0.940217 234 155 261 206
Sea_cucumber 0.985397 42 349 90 399
