Sea_cucumber 0.001257 161 0 181 6
Sea_cucumber 0.001439 307 148 343 176
Sea_cucumber 0.001475 100 296 112 338
Sea_cucumber 0.001494 393 0 416 48
Sea_cucumber 0.001629 404 0 416 25
Sea_cucumber 0.001989 409 9 415 27
Sea_cucumber 0.002413 412 340 416 372
Sea_cucumber 0.003183 362 0 415 8
Sea_cucumber 0.003194 406 0 415 8
Sea_cucumber 0.003340 92 333 108 358
Sea_cucumber 0.005092 408 4 415 20
Sea_cucumber 0.009710 409 333 416 379
Sea_cucumber 0.016162 409 358 416 401
Sea_cucumber 0.027006 391 0 416 7
Sea_cucumber 0.035235 410 363 416 380
Sea_cucumber 0.050918 389 0 416 21
Sea_cucumber 0.315368 324 148 355 177
Sea_cucumber 0.406006 90 301 113 354
Sea_cucumber 0.965770 305 275 358 293
Sea_cucumber 0.966744 204 359 257 414
