Sea_cucumber 0.002477 409 408 415 415
Sea_cucumber 0.002680 407 372 414 386
Sea_cucumber 0.002854 106 407 172 415
Sea_cucumber 0.003389 80 0 157 19
Sea_cucumber 0.003583 149 294 167 336
Sea_cucumber 0.003632 396 294 416 322
Sea_cucumber 0.004468 88 1 145 9
Sea_cucumber 0.004829 90 409 111 415
Sea_cucumber 0.005632 82 405 117 415
Sea_cucumber 0.010096 356 223 416 311
Sea_cucumber 0.021212 102 398 160 416
Sea_cucumber 0.025256 138 1 153 20
Sea_cucumber 0.043850 105 397 123 416
Sea_cucumber 0.069234 115 1 151 19
Sea_cucumber 0.069543 102 404 116 415
Sea_cucumber 0.120999 130 320 148 355
Sea_cucumber 0.686551 216 343 256 365
Sea_cucumber 0.958274 358 247 394 309
Sea_cucumber 0.965710 131 289 166 357
Sea_cucumber 0.990263 209 302 282 345
