Sea_cucumber 0.000193 188 0 236 9
Sea_cucumber 0.000193 0 268 6 315
Sea_cucumber 0.000203 0 395 6 413
Sea_cucumber 0.000229 242 0 262 4
Sea_cucumber 0.000236 45 138 74 145
Sea_cucumber 0.000244 266 411 288 416
Sea_cucumber 0.000261 244 0 294 7
Sea_cucumber 0.000269 0 411 23 416
Sea_cucumber 0.000285 38 137 64 144
Sea_cucumber 0.000377 0 408 9 416
Sea_cucumber 0.000490 237 175 254 214
Sea_cucumber 0.000524 278 411 290 415
Sea_cucumber 0.000754 0 246 6 290
Sea_cucumber 0.003301 0 268 4 285
Sea_cucumber 0.004362 67 143 97 166
Sea_cucumber 0.005226 202 0 243 27
Sea_cucumber 0.012996 245 167 257 210
Sea_cucumber 0.262496 42 138 92 160
Sea_cucumber 0.292443 32 136 86 148
Sea_cucumber 0.421564 225 0 248 35
