Sea_cucumber 0.000075 0 0 22 4
Sea_cucumber 0.000075 395 0 414 4
Sea_cucumber 0.000078 1 393 5 415
Sea_cucumber 0.000079 6 413 33 415
Sea_cucumber 0.000084 254 411 282 416
Sea_cucumber 0.000086 1 373 7 416
Sea_cucumber 0.000104 412 177 416 199
Sea_cucumber 0.000106 413 383 416 409
Sea_cucumber 0.000127 412 395 415 413
Sea_cucumber 0.000136 77 0 108 3
Sea_cucumber 0.000153 0 0 7 6
Sea_cucumber 0.000175 116 326 146 354
Sea_cucumber 0.000197 2 411 21 415
Sea_cucumber 0.000199 411 408 415 415
Sea_cucumber 0.000229 0 409 8 416
Sea_cucumber 0.000288 409 1 415 6
Sea_cucumber 0.000298 67 0 118 5
Sea_cucumber 0.000373 99 0 149 6
Sea_cucumber 0.000419 109 0 137 3
Sea_cucumber 0.002711 100 0 117 4
