Sea_cucumber 0.000510 315 409 333 414
Sea_cucumber 0.000532 13 410 43 416
Sea_cucumber 0.000548 263 0 289 4
Sea_cucumber 0.000563 407 0 415 6
Sea_cucumber 0.000575 0 158 5 217
Sea_cucumber 0.000581 412 268 416 283
Sea_cucumber 0.000785 0 410 10 416
Sea_cucumber 0.000923 0 381 60 416
Sea_cucumber 0.001186 92 398 123 412
Sea_cucumber 0.001305 0 140 6 187
Sea_cucumber 0.001485 214 252 246 265
Sea_cucumber 0.002019 0 161 4 183
Sea_cucumber 0.002281 0 411 23 416
Sea_cucumber 0.002547 23 404 78 415
Sea_cucumber 0.002890 39 0 68 27
Sea_cucumber 0.004244 0 406 47 415
Sea_cucumber 0.011308 57 0 93 25
Sea_cucumber 0.835848 11 397 62 415
Sea_cucumber 0.952803 55 0 68 27
Sea_cucumber 0.957571 79 226 124 250
