Sea_cucumber 0.000129 412 372 416 404
Sea_cucumber 0.000131 378 395 416 415
Sea_cucumber 0.000132 1 411 22 415
Sea_cucumber 0.000136 282 413 303 416
Sea_cucumber 0.000154 2 0 36 3
Sea_cucumber 0.000171 0 0 28 21
Sea_cucumber 0.000173 218 408 270 415
Sea_cucumber 0.000187 0 0 21 54
Sea_cucumber 0.000239 238 364 254 399
Sea_cucumber 0.000251 0 0 45 7
Sea_cucumber 0.000312 1 408 7 416
Sea_cucumber 0.000387 411 408 416 416
Sea_cucumber 0.000399 0 0 7 48
Sea_cucumber 0.000468 412 393 416 414
Sea_cucumber 0.000555 0 0 5 21
Sea_cucumber 0.000690 231 365 259 413
Sea_cucumber 0.000712 409 374 415 416
Sea_cucumber 0.001676 0 0 21 5
Sea_cucumber 0.007570 0 0 8 7
Sea_cucumber 0.024824 271 157 311 183
