Sea_cucumber 0.000867 143 409 200 416
Sea_cucumber 0.000878 411 71 416 96
Sea_cucumber 0.001011 394 411 415 416
Sea_cucumber 0.001117 0 408 10 415
Sea_cucumber 0.001291 20 408 85 415
Sea_cucumber 0.001536 409 408 415 415
Sea_cucumber 0.001574 0 409 22 415
Sea_cucumber 0.001608 408 62 415 104
Sea_cucumber 0.001626 173 0 188 5
Sea_cucumber 0.001786 3 0 37 47
Sea_cucumber 0.002077 395 60 416 94
Sea_cucumber 0.002557 0 0 10 6
Sea_cucumber 0.002557 10 0 60 10
Sea_cucumber 0.002783 60 0 77 4
Sea_cucumber 0.006144 371 39 406 69
Sea_cucumber 0.006871 0 1 26 7
Sea_cucumber 0.010569 9 0 44 20
Sea_cucumber 0.020958 138 373 169 414
Sea_cucumber 0.598252 4 0 35 11
Sea_cucumber 0.830258 376 41 414 97
