Sea_cucumber 0.001974 125 0 157 4
Sea_cucumber 0.002071 0 316 6 363
Sea_cucumber 0.002102 0 317 4 332
Sea_cucumber 0.002282 130 43 183 82
Sea_cucumber 0.002684 129 199 163 228
Sea_cucumber 0.002970 0 322 4 341
Sea_cucumber 0.003740 249 46 260 86
Sea_cucumber 0.004649 55 273 82 288
Sea_cucumber 0.004947 12 187 43 203
Sea_cucumber 0.004972 136 0 175 7
Sea_cucumber 0.006589 277 294 286 303
Sea_cucumber 0.007189 245 294 279 306
Sea_cucumber 0.008081 66 250 84 272
Sea_cucumber 0.018074 145 0 165 5
Sea_cucumber 0.083087 267 294 285 305
Sea_cucumber 0.280073 52 253 85 283
Sea_cucumber 0.410399 127 199 140 230
Sea_cucumber 0.422093 142 61 183 86
Sea_cucumber 0.542944 249 35 273 83
Sea_cucumber 0.620894 102 278 146 302
