Sea_cucumber 0.000070 364 409 411 416
Sea_cucumber 0.000073 0 0 6 7
Sea_cucumber 0.000077 187 409 238 415
Sea_cucumber 0.000079 410 0 415 7
Sea_cucumber 0.000081 366 413 394 416
Sea_cucumber 0.000083 413 9 416 30
Sea_cucumber 0.000087 413 1 416 22
Sea_cucumber 0.000115 42 130 64 149
Sea_cucumber 0.000127 222 413 249 416
Sea_cucumber 0.000131 0 409 7 415
Sea_cucumber 0.000142 386 408 416 416
Sea_cucumber 0.000242 18 0 54 3
Sea_cucumber 0.000335 409 410 415 415
Sea_cucumber 0.000391 208 411 233 415
Sea_cucumber 0.001182 41 0 94 5
Sea_cucumber 0.001382 52 0 81 2
Sea_cucumber 0.001471 393 411 413 416
Sea_cucumber 0.001802 388 411 403 415
Sea_cucumber 0.002876 19 0 69 5
Sea_cucumber 0.021715 44 0 62 3
