Sea_cucumber 0.000218 408 1 415 7
Sea_cucumber 0.000219 72 411 96 415
Sea_cucumber 0.000231 413 305 416 326
Sea_cucumber 0.000231 0 345 5 366
Sea_cucumber 0.000235 0 397 8 412
Sea_cucumber 0.000248 75 409 141 415
Sea_cucumber 0.000275 322 413 357 416
Sea_cucumber 0.000281 375 412 401 416
Sea_cucumber 0.000299 1 410 21 415
Sea_cucumber 0.000335 348 408 396 415
Sea_cucumber 0.000350 352 411 375 415
Sea_cucumber 0.000397 0 408 9 415
Sea_cucumber 0.000426 411 397 416 413
Sea_cucumber 0.000541 310 413 338 415
Sea_cucumber 0.000650 372 408 416 415
Sea_cucumber 0.000717 393 411 416 416
Sea_cucumber 0.000734 302 411 363 416
Sea_cucumber 0.000757 412 299 416 315
Sea_cucumber 0.001068 412 291 416 309
Sea_cucumber 0.001222 409 408 415 415
