Sea_cucumber 0.000044 264 413 287 416
Sea_cucumber 0.000045 1 370 6 416
Sea_cucumber 0.000046 0 408 32 416
Sea_cucumber 0.000047 211 414 245 416
Sea_cucumber 0.000056 284 310 404 385
Sea_cucumber 0.000056 230 414 257 416
Sea_cucumber 0.000059 247 413 273 416
Sea_cucumber 0.000060 0 0 7 6
Sea_cucumber 0.000062 205 0 267 7
Sea_cucumber 0.000073 7 412 32 415
Sea_cucumber 0.000075 247 0 274 4
Sea_cucumber 0.000081 182 0 209 3
Sea_cucumber 0.000090 156 0 219 5
Sea_cucumber 0.000100 240 0 281 21
Sea_cucumber 0.000161 235 0 286 8
Sea_cucumber 0.000200 0 396 4 414
Sea_cucumber 0.000238 1 411 21 415
Sea_cucumber 0.000263 277 1 290 5
Sea_cucumber 0.000416 266 0 286 4
Sea_cucumber 0.001161 0 408 7 415
