Sea_cucumber 0.000371 398 0 415 25
Sea_cucumber 0.000376 0 407 9 416
Sea_cucumber 0.000405 372 0 416 8
Sea_cucumber 0.000423 395 0 416 6
Sea_cucumber 0.000446 3 409 20 415
Sea_cucumber 0.000464 180 399 228 415
Sea_cucumber 0.000605 153 408 208 416
Sea_cucumber 0.000630 129 408 150 415
Sea_cucumber 0.000657 413 69 416 100
Sea_cucumber 0.000706 209 408 262 416
Sea_cucumber 0.001252 409 0 415 41
Sea_cucumber 0.001284 410 60 416 107
Sea_cucumber 0.001561 182 410 208 416
Sea_cucumber 0.001585 206 410 234 416
Sea_cucumber 0.001821 409 85 416 129
Sea_cucumber 0.003544 186 408 237 415
Sea_cucumber 0.005018 410 0 416 9
Sea_cucumber 0.005887 411 1 416 21
Sea_cucumber 0.008289 92 45 126 71
Sea_cucumber 0.009466 411 90 416 108
