Sea_cucumber 0.000433 199 230 257 246
Sea_cucumber 0.000565 230 160 260 182
Sea_cucumber 0.000645 187 248 217 306
Sea_cucumber 0.000916 73 1 93 27
Sea_cucumber 0.000936 0 407 9 416
Sea_cucumber 0.000995 239 129 259 156
Sea_cucumber 0.001147 79 0 119 24
Sea_cucumber 0.001151 10 409 28 415
Sea_cucumber 0.001554 0 367 7 409
Sea_cucumber 0.001664 0 394 25 415
Sea_cucumber 0.002194 183 304 211 323
Sea_cucumber 0.002367 104 65 176 99
Sea_cucumber 0.003615 0 395 7 411
Sea_cucumber 0.369675 60 0 109 39
Sea_cucumber 0.539374 126 59 171 88
Sea_cucumber 0.657752 21 4 56 33
Sea_cucumber 0.671468 22 1 92 36
Sea_cucumber 0.800832 186 231 252 292
Sea_cucumber 0.867241 234 130 261 179
Sea_cucumber 0.997791 93 193 157 246
