Sea_cucumber 0.001300 410 276 416 324
Sea_cucumber 0.001533 130 154 198 188
Sea_cucumber 0.002032 409 291 415 341
Sea_cucumber 0.002042 407 222 414 235
Sea_cucumber 0.002101 407 322 414 341
Sea_cucumber 0.002544 133 151 160 195
Sea_cucumber 0.002901 0 358 8 370
Sea_cucumber 0.003008 338 409 390 415
Sea_cucumber 0.003876 338 411 358 415
Sea_cucumber 0.005133 398 320 414 343
Sea_cucumber 0.006127 0 0 7 7
Sea_cucumber 0.006404 317 357 383 389
Sea_cucumber 0.011472 392 220 415 238
Sea_cucumber 0.014454 132 153 147 177
Sea_cucumber 0.030414 123 176 140 217
Sea_cucumber 0.377629 341 355 385 378
Sea_cucumber 0.575117 157 175 198 216
Sea_cucumber 0.704077 124 156 148 211
Sea_cucumber 0.888455 112 337 182 355
Sea_cucumber 0.994271 381 52 408 120
