Sea_cucumber 0.000422 411 135 416 163
Sea_cucumber 0.000449 399 103 415 173
Sea_cucumber 0.000482 204 406 223 415
Sea_cucumber 0.000491 0 384 3 408
Sea_cucumber 0.000494 0 395 4 412
Sea_cucumber 0.000562 217 407 271 415
Sea_cucumber 0.000580 332 348 365 366
Sea_cucumber 0.000652 403 156 416 239
Sea_cucumber 0.000801 213 396 258 415
Sea_cucumber 0.001026 399 149 415 178
Sea_cucumber 0.001200 411 166 416 191
Sea_cucumber 0.001343 197 397 227 415
Sea_cucumber 0.001518 408 128 416 168
Sea_cucumber 0.001685 257 410 277 415
Sea_cucumber 0.001981 409 157 415 217
Sea_cucumber 0.003922 212 336 227 360
Sea_cucumber 0.006055 213 400 227 414
Sea_cucumber 0.006482 409 162 416 180
Sea_cucumber 0.007433 407 153 416 190
Sea_cucumber 0.015922 407 156 415 170
