Sea_cucumber 0.000130 37 183 56 207
Sea_cucumber 0.000138 90 395 126 415
Sea_cucumber 0.000141 35 190 67 215
Sea_cucumber 0.000154 1 410 21 415
Sea_cucumber 0.000176 0 310 4 338
Sea_cucumber 0.000202 0 155 19 191
Sea_cucumber 0.000205 0 299 6 348
Sea_cucumber 0.000208 1 408 7 416
Sea_cucumber 0.000219 1 171 8 191
Sea_cucumber 0.000238 0 0 7 6
Sea_cucumber 0.000265 43 187 61 203
Sea_cucumber 0.000298 0 88 3 111
Sea_cucumber 0.000352 257 408 280 415
Sea_cucumber 0.000396 253 396 284 415
Sea_cucumber 0.001087 16 180 66 220
Sea_cucumber 0.002151 1 174 19 199
Sea_cucumber 0.006811 237 274 266 288
Sea_cucumber 0.009224 29 189 61 241
Sea_cucumber 0.020164 11 154 66 189
Sea_cucumber 0.024686 39 176 66 201
