Sea_cucumber 0.001217 408 363 415 413
Sea_cucumber 0.001228 334 127 362 154
Sea_cucumber 0.001268 0 231 25 252
Sea_cucumber 0.001659 113 410 166 415
Sea_cucumber 0.001681 0 219 24 277
Sea_cucumber 0.001977 398 356 415 387
Sea_cucumber 0.002618 0 300 4 315
Sea_cucumber 0.002954 407 346 415 382
Sea_cucumber 0.003629 136 411 160 416
Sea_cucumber 0.003754 0 280 54 320
Sea_cucumber 0.003835 410 355 415 375
Sea_cucumber 0.005258 0 295 4 307
Sea_cucumber 0.006060 1 228 23 240
Sea_cucumber 0.006199 1 303 51 343
Sea_cucumber 0.034611 0 164 23 243
Sea_cucumber 0.069612 88 183 157 211
Sea_cucumber 0.281553 273 161 327 206
Sea_cucumber 0.533072 108 194 154 210
Sea_cucumber 0.629803 0 215 27 241
Sea_cucumber 0.867344 0 301 51 318
