Sea_cucumber 0.000178 387 394 416 416
Sea_cucumber 0.000191 412 2 415 21
Sea_cucumber 0.000263 106 412 127 415
Sea_cucumber 0.000266 371 408 416 416
Sea_cucumber 0.000303 409 410 416 416
Sea_cucumber 0.000339 7 413 32 415
Sea_cucumber 0.000341 1 397 5 413
Sea_cucumber 0.000360 413 327 416 354
Sea_cucumber 0.000382 397 348 416 381
Sea_cucumber 0.000543 393 411 415 415
Sea_cucumber 0.000642 410 327 416 368
Sea_cucumber 0.000684 408 1 415 7
Sea_cucumber 0.000909 373 328 416 416
Sea_cucumber 0.000959 408 341 416 386
Sea_cucumber 0.001163 2 412 22 415
Sea_cucumber 0.001366 1 410 8 415
Sea_cucumber 0.001471 412 354 416 374
Sea_cucumber 0.002063 411 347 416 364
Sea_cucumber 0.009670 392 326 414 402
Sea_cucumber 0.885065 383 363 414 410
