Sea_cucumber 0.000003 0 334 104 409
Sea_cucumber 0.000003 367 0 412 88
Sea_cucumber 0.000003 313 10 416 92
Sea_cucumber 0.000004 7 0 33 3
Sea_cucumber 0.000006 17 413 39 415
Sea_cucumber 0.000007 1 396 3 413
Sea_cucumber 0.000007 137 33 175 56
Sea_cucumber 0.000007 386 413 406 415
Sea_cucumber 0.000009 0 1 3 20
Sea_cucumber 0.000009 413 3 416 19
Sea_cucumber 0.000010 393 1 414 5
Sea_cucumber 0.000013 369 0 405 44
Sea_cucumber 0.000014 10 413 30 415
Sea_cucumber 0.000016 2 0 22 4
Sea_cucumber 0.000018 397 413 410 415
Sea_cucumber 0.000024 4 413 20 415
Sea_cucumber 0.000048 410 411 415 415
Sea_cucumber 0.000049 408 1 415 7
Sea_cucumber 0.000054 1 410 5 415
Sea_cucumber 0.000059 0 0 6 6
