Sea_cucumber 0.000181 0 1 5 21
Sea_cucumber 0.000188 2 411 21 415
Sea_cucumber 0.000257 343 345 372 367
Sea_cucumber 0.000259 332 339 388 379
Sea_cucumber 0.000269 183 1 205 8
Sea_cucumber 0.000271 411 409 415 415
Sea_cucumber 0.000324 156 0 192 19
Sea_cucumber 0.000327 154 67 187 87
Sea_cucumber 0.000356 0 107 7 123
Sea_cucumber 0.000409 151 76 180 89
Sea_cucumber 0.000432 35 409 85 415
Sea_cucumber 0.000436 411 171 416 190
Sea_cucumber 0.000522 216 412 242 416
Sea_cucumber 0.000556 47 411 73 415
Sea_cucumber 0.000630 0 408 8 415
Sea_cucumber 0.000736 0 0 6 9
Sea_cucumber 0.000910 78 25 94 46
Sea_cucumber 0.001102 58 409 110 415
Sea_cucumber 0.001514 159 0 201 10
Sea_cucumber 0.003552 63 411 87 415
