Sea_cucumber 0.000025 346 412 367 415
Sea_cucumber 0.000025 329 64 394 108
Sea_cucumber 0.000026 397 411 412 415
Sea_cucumber 0.000029 93 413 123 415
Sea_cucumber 0.000030 78 409 139 415
Sea_cucumber 0.000031 204 0 222 13
Sea_cucumber 0.000035 410 0 416 7
Sea_cucumber 0.000043 3 412 21 415
Sea_cucumber 0.000047 108 409 155 416
Sea_cucumber 0.000049 198 1 213 7
Sea_cucumber 0.000051 153 413 175 415
Sea_cucumber 0.000051 409 409 415 416
Sea_cucumber 0.000068 0 3 4 18
Sea_cucumber 0.000083 202 0 269 7
Sea_cucumber 0.000085 129 413 150 416
Sea_cucumber 0.000088 57 354 118 399
Sea_cucumber 0.000123 0 410 7 415
Sea_cucumber 0.000276 0 0 6 7
Sea_cucumber 0.000438 114 412 132 415
Sea_cucumber 0.002621 200 0 237 10
