Sea_cucumber 0.000303 87 409 112 416
Sea_cucumber 0.000315 59 392 80 415
Sea_cucumber 0.000369 157 411 219 416
Sea_cucumber 0.000379 47 411 73 416
Sea_cucumber 0.000406 65 397 87 411
Sea_cucumber 0.000415 181 65 199 89
Sea_cucumber 0.000451 0 0 7 7
Sea_cucumber 0.000462 13 392 100 416
Sea_cucumber 0.000580 166 413 194 416
Sea_cucumber 0.000697 408 0 415 6
Sea_cucumber 0.000849 87 396 127 415
Sea_cucumber 0.000961 34 407 87 416
Sea_cucumber 0.000991 64 408 87 416
Sea_cucumber 0.001047 3 411 21 415
Sea_cucumber 0.001467 0 410 8 415
Sea_cucumber 0.005365 60 402 94 416
Sea_cucumber 0.016141 81 376 164 416
Sea_cucumber 0.027364 49 384 89 413
Sea_cucumber 0.411844 62 393 104 415
Sea_cucumber 0.863370 131 373 161 416
