Sea_cucumber 0.000708 3 384 33 411
Sea_cucumber 0.000811 380 346 413 402
Sea_cucumber 0.000871 407 324 415 370
Sea_cucumber 0.000885 296 403 338 416
Sea_cucumber 0.001021 0 393 20 415
Sea_cucumber 0.001201 0 408 20 416
Sea_cucumber 0.001428 0 11 9 44
Sea_cucumber 0.001510 0 396 8 413
Sea_cucumber 0.001513 0 12 5 30
Sea_cucumber 0.002158 394 318 415 399
Sea_cucumber 0.002485 0 20 7 67
Sea_cucumber 0.002862 0 406 9 416
Sea_cucumber 0.005316 13 320 40 369
Sea_cucumber 0.007681 0 21 7 36
Sea_cucumber 0.011267 297 348 366 412
Sea_cucumber 0.041004 17 323 37 345
Sea_cucumber 0.498466 391 308 414 357
Sea_cucumber 0.502096 157 244 213 274
Sea_cucumber 0.547159 337 349 369 389
Sea_cucumber 0.892598 298 392 345 414
