Sea_cucumber 0.001468 274 409 295 415
Sea_cucumber 0.001670 39 319 69 341
Sea_cucumber 0.002113 258 374 300 416
Sea_cucumber 0.002317 369 57 407 76
Sea_cucumber 0.002361 195 80 216 88
Sea_cucumber 0.002483 273 389 293 416
Sea_cucumber 0.002585 410 3 416 19
Sea_cucumber 0.002916 28 276 88 312
Sea_cucumber 0.003292 82 314 100 334
Sea_cucumber 0.004028 22 263 66 287
Sea_cucumber 0.005114 319 174 347 198
Sea_cucumber 0.005303 1 265 41 281
Sea_cucumber 0.007160 140 41 187 63
Sea_cucumber 0.079360 267 380 287 414
Sea_cucumber 0.212357 41 315 95 333
Sea_cucumber 0.236346 318 159 362 199
Sea_cucumber 0.345863 149 15 207 60
Sea_cucumber 0.402779 35 276 68 293
Sea_cucumber 0.737316 10 258 60 277
Sea_cucumber 0.893850 197 77 245 90
