Sea_cucumber 0.000005 54 414 81 415
Sea_cucumber 0.000005 2 0 22 4
Sea_cucumber 0.000005 318 413 346 415
Sea_cucumber 0.000005 0 334 104 410
Sea_cucumber 0.000005 77 413 107 415
Sea_cucumber 0.000006 1 395 4 413
Sea_cucumber 0.000006 358 413 386 415
Sea_cucumber 0.000008 0 120 2 142
Sea_cucumber 0.000008 0 1 3 20
Sea_cucumber 0.000009 10 413 29 415
Sea_cucumber 0.000010 413 3 415 20
Sea_cucumber 0.000013 386 413 406 416
Sea_cucumber 0.000014 3 412 21 415
Sea_cucumber 0.000014 393 1 414 5
Sea_cucumber 0.000015 368 0 407 46
Sea_cucumber 0.000017 396 413 411 416
Sea_cucumber 0.000036 0 0 5 6
Sea_cucumber 0.000042 1 410 6 415
Sea_cucumber 0.000049 409 1 415 7
Sea_cucumber 0.000064 411 410 415 415
