Sea_cucumber 0.000004 66 413 101 415
Sea_cucumber 0.000005 109 413 139 415
Sea_cucumber 0.000005 14 413 42 415
Sea_cucumber 0.000005 232 413 256 415
Sea_cucumber 0.000005 83 413 117 415
Sea_cucumber 0.000005 55 410 129 415
Sea_cucumber 0.000005 393 1 415 5
Sea_cucumber 0.000008 1 396 3 413
Sea_cucumber 0.000010 413 8 415 29
Sea_cucumber 0.000012 386 414 406 416
Sea_cucumber 0.000013 9 413 30 415
Sea_cucumber 0.000013 0 0 3 21
Sea_cucumber 0.000016 2 0 21 4
Sea_cucumber 0.000022 395 413 412 416
Sea_cucumber 0.000025 4 412 21 415
Sea_cucumber 0.000026 412 4 415 19
Sea_cucumber 0.000054 408 1 415 7
Sea_cucumber 0.000066 411 410 415 415
Sea_cucumber 0.000075 1 410 6 415
Sea_cucumber 0.000125 0 0 6 6
