Sea_cucumber 0.000205 360 411 386 416
Sea_cucumber 0.000210 410 0 416 7
Sea_cucumber 0.000210 102 380 131 401
Sea_cucumber 0.000219 351 407 394 416
Sea_cucumber 0.000229 395 361 414 416
Sea_cucumber 0.000248 409 101 416 147
Sea_cucumber 0.000264 276 407 324 415
Sea_cucumber 0.000277 378 384 416 413
Sea_cucumber 0.000333 287 411 313 416
Sea_cucumber 0.000353 412 119 416 146
Sea_cucumber 0.000677 406 378 415 414
Sea_cucumber 0.000735 285 95 301 110
Sea_cucumber 0.001097 367 398 412 414
Sea_cucumber 0.001447 374 410 400 415
Sea_cucumber 0.001559 372 21 390 32
Sea_cucumber 0.002015 407 397 415 413
Sea_cucumber 0.002095 370 10 388 31
Sea_cucumber 0.002695 396 395 416 416
Sea_cucumber 0.002768 406 405 415 416
Sea_cucumber 0.015338 376 406 415 415
