Sea_cucumber 0.000131 1 372 6 416
Sea_cucumber 0.000166 160 413 184 416
Sea_cucumber 0.000202 1 412 22 415
Sea_cucumber 0.000217 99 279 114 306
Sea_cucumber 0.000264 197 410 211 416
Sea_cucumber 0.000289 199 409 258 416
Sea_cucumber 0.000289 260 83 287 101
Sea_cucumber 0.000290 236 408 285 415
Sea_cucumber 0.000305 193 376 267 415
Sea_cucumber 0.000305 236 129 254 162
Sea_cucumber 0.000374 238 411 266 415
Sea_cucumber 0.000408 1 396 5 413
Sea_cucumber 0.000421 225 95 272 175
Sea_cucumber 0.000430 181 411 197 415
Sea_cucumber 0.000516 189 410 204 416
Sea_cucumber 0.000712 1 409 7 415
Sea_cucumber 0.001829 160 377 216 416
Sea_cucumber 0.618002 193 377 214 416
Sea_cucumber 0.938778 234 107 261 161
Sea_cucumber 0.996416 230 192 263 248
