Sea_cucumber 0.000702 308 396 322 410
Sea_cucumber 0.000708 285 394 330 415
Sea_cucumber 0.000808 105 0 161 20
Sea_cucumber 0.000823 304 410 328 415
Sea_cucumber 0.000858 0 253 7 268
Sea_cucumber 0.001304 315 408 348 415
Sea_cucumber 0.001382 210 411 231 416
Sea_cucumber 0.001454 202 407 253 415
Sea_cucumber 0.002052 162 404 215 416
Sea_cucumber 0.002327 203 407 219 416
Sea_cucumber 0.002471 368 111 389 138
Sea_cucumber 0.002957 292 405 343 416
Sea_cucumber 0.003911 74 106 92 129
Sea_cucumber 0.004256 148 392 221 416
Sea_cucumber 0.005918 315 406 380 416
Sea_cucumber 0.009373 44 107 93 130
Sea_cucumber 0.013713 199 395 238 416
Sea_cucumber 0.082028 190 394 218 416
Sea_cucumber 0.750765 307 397 353 416
Sea_cucumber 0.966925 129 0 179 22
