Sea_cucumber 0.002337 88 0 115 43
Sea_cucumber 0.002397 314 33 330 68
Sea_cucumber 0.002774 56 0 96 23
Sea_cucumber 0.003192 410 97 416 150
Sea_cucumber 0.003259 224 1 248 8
Sea_cucumber 0.003839 394 206 413 237
Sea_cucumber 0.007136 206 0 234 14
Sea_cucumber 0.007357 83 4 101 34
Sea_cucumber 0.010296 218 1 235 10
Sea_cucumber 0.010470 412 90 416 111
Sea_cucumber 0.014264 411 103 416 126
Sea_cucumber 0.022169 79 0 106 21
Sea_cucumber 0.034581 218 0 254 20
Sea_cucumber 0.045277 84 0 103 10
Sea_cucumber 0.052576 411 102 415 114
Sea_cucumber 0.097952 198 0 225 21
Sea_cucumber 0.160181 213 0 226 13
Sea_cucumber 0.385034 326 1 351 51
Sea_cucumber 0.405444 314 9 338 65
Sea_cucumber 0.553747 302 16 329 65
