Sea_cucumber 0.001487 72 298 167 332
Sea_cucumber 0.001500 2 409 22 416
Sea_cucumber 0.001743 0 11 4 28
Sea_cucumber 0.002036 275 0 294 6
Sea_cucumber 0.002061 334 338 362 356
Sea_cucumber 0.002061 0 2 5 21
Sea_cucumber 0.002788 210 0 261 7
Sea_cucumber 0.003532 245 0 261 5
Sea_cucumber 0.003543 60 376 79 402
Sea_cucumber 0.004681 249 0 288 8
Sea_cucumber 0.006915 134 190 149 234
Sea_cucumber 0.010390 52 382 83 410
Sea_cucumber 0.014264 190 183 207 212
Sea_cucumber 0.375122 76 303 112 331
Sea_cucumber 0.587825 128 89 180 111
Sea_cucumber 0.655794 324 146 389 164
Sea_cucumber 0.927059 132 168 172 235
Sea_cucumber 0.986112 38 42 61 108
Sea_cucumber 0.988440 27 126 49 187
Sea_cucumber 0.993172 267 248 318 289
