Sea_cucumber 0.000248 111 407 152 416
Sea_cucumber 0.000276 95 412 121 416
Sea_cucumber 0.000296 395 412 414 416
Sea_cucumber 0.000307 8 412 31 415
Sea_cucumber 0.000345 262 409 323 416
Sea_cucumber 0.000345 151 410 225 416
Sea_cucumber 0.000381 0 396 5 413
Sea_cucumber 0.000422 252 412 282 416
Sea_cucumber 0.000467 2 411 21 415
Sea_cucumber 0.000486 207 397 249 414
Sea_cucumber 0.000565 36 275 132 344
Sea_cucumber 0.000733 409 409 415 415
Sea_cucumber 0.000826 113 410 134 415
Sea_cucumber 0.000952 222 412 252 416
Sea_cucumber 0.001213 0 408 7 415
Sea_cucumber 0.001558 241 408 294 416
Sea_cucumber 0.001679 49 282 94 332
Sea_cucumber 0.003249 224 409 263 416
Sea_cucumber 0.015677 243 410 260 416
Sea_cucumber 0.374642 53 286 69 325
