Sea_cucumber 0.000186 412 376 416 399
Sea_cucumber 0.000188 47 410 105 415
Sea_cucumber 0.000191 1 393 5 416
Sea_cucumber 0.000208 409 1 415 7
Sea_cucumber 0.000241 72 413 96 415
Sea_cucumber 0.000256 56 413 80 416
Sea_cucumber 0.000299 10 397 46 415
Sea_cucumber 0.000334 14 400 27 414
Sea_cucumber 0.000371 1 371 7 416
Sea_cucumber 0.000392 2 392 21 416
Sea_cucumber 0.000451 412 373 416 386
Sea_cucumber 0.000927 21 412 50 416
Sea_cucumber 0.001116 12 378 28 416
Sea_cucumber 0.001222 0 409 9 416
Sea_cucumber 0.001509 13 408 59 415
Sea_cucumber 0.001631 3 406 35 415
Sea_cucumber 0.001757 0 369 25 416
Sea_cucumber 0.004761 18 409 34 415
Sea_cucumber 0.006090 3 410 22 415
Sea_cucumber 0.012465 12 408 28 415
