Sea_cucumber 0.001405 0 226 6 279
Sea_cucumber 0.001547 411 260 416 324
Sea_cucumber 0.001638 411 307 416 327
Sea_cucumber 0.001781 386 1 407 9
Sea_cucumber 0.001919 1 271 16 352
Sea_cucumber 0.002019 411 322 416 339
Sea_cucumber 0.002112 1 154 28 172
Sea_cucumber 0.003134 408 6 415 63
Sea_cucumber 0.004167 409 5 416 33
Sea_cucumber 0.006343 83 372 100 402
Sea_cucumber 0.007843 0 250 8 285
Sea_cucumber 0.008808 367 3 416 42
Sea_cucumber 0.009174 400 0 413 12
Sea_cucumber 0.009990 410 318 416 329
Sea_cucumber 0.016243 0 263 8 305
Sea_cucumber 0.024478 381 0 413 24
Sea_cucumber 0.048621 397 0 416 37
Sea_cucumber 0.057903 0 267 7 282
Sea_cucumber 0.207573 406 0 415 20
Sea_cucumber 0.995561 66 267 133 306
