Sea_cucumber 0.000227 194 409 245 416
Sea_cucumber 0.000240 72 202 112 221
Sea_cucumber 0.000268 120 0 161 7
Sea_cucumber 0.000308 8 0 29 3
Sea_cucumber 0.000311 289 395 327 415
Sea_cucumber 0.000370 104 0 143 7
Sea_cucumber 0.000442 0 0 8 6
Sea_cucumber 0.000646 2 0 22 4
Sea_cucumber 0.000666 230 354 246 373
Sea_cucumber 0.000745 319 111 335 149
Sea_cucumber 0.000823 1 60 52 77
Sea_cucumber 0.000872 127 0 150 4
Sea_cucumber 0.000893 174 408 218 416
Sea_cucumber 0.001056 306 409 325 415
Sea_cucumber 0.001253 286 112 342 152
Sea_cucumber 0.002399 335 118 358 145
Sea_cucumber 0.004373 194 409 214 415
Sea_cucumber 0.005680 124 0 138 5
Sea_cucumber 0.080666 323 110 355 152
Sea_cucumber 0.168069 326 113 341 147
