Sea_cucumber 0.000846 73 198 96 210
Sea_cucumber 0.000952 409 123 415 187
Sea_cucumber 0.000967 128 2 148 10
Sea_cucumber 0.001009 410 60 416 77
Sea_cucumber 0.001111 411 86 416 115
Sea_cucumber 0.001536 81 1 122 10
Sea_cucumber 0.002003 408 59 415 108
Sea_cucumber 0.002669 410 97 415 121
Sea_cucumber 0.003009 395 0 414 4
Sea_cucumber 0.003034 144 79 170 108
Sea_cucumber 0.009615 404 98 416 201
Sea_cucumber 0.009792 407 84 415 133
Sea_cucumber 0.015855 403 56 416 157
Sea_cucumber 0.016605 124 2 144 17
Sea_cucumber 0.035489 69 184 96 209
Sea_cucumber 0.212684 87 1 145 16
Sea_cucumber 0.248549 284 6 318 21
Sea_cucumber 0.457493 406 103 415 158
Sea_cucumber 0.545463 156 87 171 110
Sea_cucumber 0.967581 374 186 416 209
