Sea_cucumber 0.000015 237 410 316 415
Sea_cucumber 0.000015 4 412 20 415
Sea_cucumber 0.000015 230 413 257 415
Sea_cucumber 0.000015 394 1 414 5
Sea_cucumber 0.000017 1 93 7 139
Sea_cucumber 0.000025 237 354 327 393
Sea_cucumber 0.000027 0 113 5 134
Sea_cucumber 0.000034 71 286 99 310
Sea_cucumber 0.000037 1 410 6 415
Sea_cucumber 0.000040 285 399 330 414
Sea_cucumber 0.000041 146 146 163 169
Sea_cucumber 0.000057 314 413 349 415
Sea_cucumber 0.000060 411 410 415 416
Sea_cucumber 0.000063 0 0 6 6
Sea_cucumber 0.000065 345 138 362 160
Sea_cucumber 0.000068 408 0 415 7
Sea_cucumber 0.000108 281 413 319 416
Sea_cucumber 0.000233 298 410 366 415
Sea_cucumber 0.000648 283 410 332 415
Sea_cucumber 0.004241 306 412 325 415
