Sea_cucumber 0.000349 300 412 333 416
Sea_cucumber 0.000439 355 11 373 45
Sea_cucumber 0.000453 408 198 416 241
Sea_cucumber 0.000495 373 5 389 20
Sea_cucumber 0.000516 412 10 416 43
Sea_cucumber 0.000533 380 1 412 23
Sea_cucumber 0.000596 1 409 7 415
Sea_cucumber 0.000614 359 0 399 11
Sea_cucumber 0.000654 360 0 384 6
Sea_cucumber 0.000772 411 0 416 11
Sea_cucumber 0.000986 310 409 354 415
Sea_cucumber 0.001408 325 0 372 7
Sea_cucumber 0.001728 378 1 394 25
Sea_cucumber 0.001845 410 4 416 51
Sea_cucumber 0.002061 317 412 345 416
Sea_cucumber 0.002407 343 0 369 5
Sea_cucumber 0.003764 412 3 416 23
Sea_cucumber 0.004002 342 0 385 10
Sea_cucumber 0.019010 351 0 393 22
Sea_cucumber 0.161126 151 364 196 392
