Sea_cucumber 0.004749 0 292 17 323
Sea_cucumber 0.006001 319 101 335 145
Sea_cucumber 0.006319 0 245 6 306
Sea_cucumber 0.008815 0 282 6 304
Sea_cucumber 0.009061 1 227 11 245
Sea_cucumber 0.019564 189 226 203 250
Sea_cucumber 0.026094 0 222 15 306
Sea_cucumber 0.037113 0 295 9 336
Sea_cucumber 0.038926 0 273 9 312
Sea_cucumber 0.073748 222 19 251 36
Sea_cucumber 0.134030 330 296 349 323
Sea_cucumber 0.233879 1 294 10 310
Sea_cucumber 0.250834 361 150 397 172
Sea_cucumber 0.281414 308 292 338 309
Sea_cucumber 0.322671 191 228 214 263
Sea_cucumber 0.837109 92 143 134 186
Sea_cucumber 0.845093 379 380 410 410
Sea_cucumber 0.902327 322 98 354 149
Sea_cucumber 0.955266 1 222 17 249
Sea_cucumber 0.991348 83 341 114 411
