Sea_cucumber 0.000313 0 49 5 71
Sea_cucumber 0.000327 157 411 184 416
Sea_cucumber 0.000363 0 64 14 145
Sea_cucumber 0.000365 199 412 224 416
Sea_cucumber 0.000373 0 110 5 168
Sea_cucumber 0.000383 17 410 39 416
Sea_cucumber 0.000418 350 177 364 214
Sea_cucumber 0.000428 378 411 399 416
Sea_cucumber 0.000433 365 358 380 386
Sea_cucumber 0.000518 150 408 193 416
Sea_cucumber 0.000568 0 62 4 89
Sea_cucumber 0.000600 114 410 133 415
Sea_cucumber 0.000732 115 408 166 415
Sea_cucumber 0.000976 0 47 8 88
Sea_cucumber 0.001635 179 283 197 314
Sea_cucumber 0.001832 0 75 3 109
Sea_cucumber 0.001853 153 409 173 415
Sea_cucumber 0.002812 170 285 195 337
Sea_cucumber 0.003466 0 57 6 110
Sea_cucumber 0.005241 0 73 5 141
