Sea_cucumber 0.000036 85 413 115 415
Sea_cucumber 0.000041 408 363 415 413
Sea_cucumber 0.000041 4 412 21 415
Sea_cucumber 0.000049 0 0 6 5
Sea_cucumber 0.000053 32 0 54 3
Sea_cucumber 0.000054 57 410 128 415
Sea_cucumber 0.000056 411 0 416 7
Sea_cucumber 0.000056 410 363 415 380
Sea_cucumber 0.000061 1 410 6 415
Sea_cucumber 0.000071 1 314 4 351
Sea_cucumber 0.000077 346 367 408 413
Sea_cucumber 0.000084 1 337 17 415
Sea_cucumber 0.000090 97 411 120 415
Sea_cucumber 0.000104 0 341 4 369
Sea_cucumber 0.000108 105 410 125 415
Sea_cucumber 0.000112 294 172 322 188
Sea_cucumber 0.000113 0 332 6 379
Sea_cucumber 0.000195 92 63 148 107
Sea_cucumber 0.000273 0 306 6 358
Sea_cucumber 0.000812 0 340 5 354
