Sea_cucumber 0.000010 196 413 228 415
Sea_cucumber 0.000011 214 128 248 178
Sea_cucumber 0.000012 77 414 107 415
Sea_cucumber 0.000012 0 1 3 21
Sea_cucumber 0.000013 183 413 210 416
Sea_cucumber 0.000014 163 46 196 95
Sea_cucumber 0.000014 238 214 252 257
Sea_cucumber 0.000014 265 1 286 4
Sea_cucumber 0.000014 412 2 415 20
Sea_cucumber 0.000018 7 413 31 415
Sea_cucumber 0.000026 1 0 23 4
Sea_cucumber 0.000027 387 413 405 416
Sea_cucumber 0.000031 137 41 194 77
Sea_cucumber 0.000035 394 0 414 4
Sea_cucumber 0.000042 396 413 411 416
Sea_cucumber 0.000077 2 412 22 415
Sea_cucumber 0.000084 411 410 415 415
Sea_cucumber 0.000095 0 0 7 6
Sea_cucumber 0.000115 407 0 414 6
Sea_cucumber 0.000133 1 411 7 415
