Sea_cucumber 0.000225 408 375 415 416
Sea_cucumber 0.000228 2 412 21 415
Sea_cucumber 0.000248 408 1 415 7
Sea_cucumber 0.000250 85 300 100 316
Sea_cucumber 0.000261 0 410 9 416
Sea_cucumber 0.000296 397 380 415 414
Sea_cucumber 0.000325 0 59 6 76
Sea_cucumber 0.000383 379 396 414 415
Sea_cucumber 0.000403 376 407 416 415
Sea_cucumber 0.000407 93 298 107 316
Sea_cucumber 0.000463 385 411 409 416
Sea_cucumber 0.000501 0 0 7 7
Sea_cucumber 0.000612 83 307 101 323
Sea_cucumber 0.000689 410 396 415 414
Sea_cucumber 0.000747 70 130 77 152
Sea_cucumber 0.001992 408 408 415 415
Sea_cucumber 0.002516 397 409 412 415
Sea_cucumber 0.002639 205 210 221 233
Sea_cucumber 0.002956 99 298 114 330
Sea_cucumber 0.324985 79 296 108 324
