Sea_cucumber 0.000183 409 124 415 172
Sea_cucumber 0.000199 398 100 415 173
Sea_cucumber 0.000209 412 330 416 352
Sea_cucumber 0.000210 0 0 8 6
Sea_cucumber 0.000233 373 62 391 75
Sea_cucumber 0.000242 412 396 416 413
Sea_cucumber 0.000265 1 410 7 415
Sea_cucumber 0.000294 394 412 414 416
Sea_cucumber 0.000302 400 336 415 415
Sea_cucumber 0.000318 255 71 282 80
Sea_cucumber 0.000372 409 348 415 410
Sea_cucumber 0.000376 0 120 7 159
Sea_cucumber 0.000477 0 106 8 141
Sea_cucumber 0.000539 410 409 415 415
Sea_cucumber 0.000594 373 46 400 75
Sea_cucumber 0.000865 254 57 283 80
Sea_cucumber 0.000916 408 334 415 378
Sea_cucumber 0.000939 0 131 5 149
Sea_cucumber 0.001089 410 339 415 358
Sea_cucumber 0.002201 0 124 7 138
