Sea_cucumber 0.001145 409 408 415 415
Sea_cucumber 0.001268 1 34 9 84
Sea_cucumber 0.001318 410 219 415 268
Sea_cucumber 0.001352 408 379 415 414
Sea_cucumber 0.001418 1 0 9 43
Sea_cucumber 0.001568 410 244 416 290
Sea_cucumber 0.002452 316 410 364 415
Sea_cucumber 0.002623 0 208 7 263
Sea_cucumber 0.002890 0 34 18 68
Sea_cucumber 0.003025 0 0 19 52
Sea_cucumber 0.005378 1 35 11 49
Sea_cucumber 0.007501 322 412 342 415
Sea_cucumber 0.008166 412 250 416 269
Sea_cucumber 0.011466 287 149 302 174
Sea_cucumber 0.017424 261 219 293 267
Sea_cucumber 0.023918 1 23 19 48
Sea_cucumber 0.092399 291 138 308 175
Sea_cucumber 0.534509 169 54 195 99
Sea_cucumber 0.951552 136 246 154 332
Sea_cucumber 0.964162 264 190 297 240
