Sea_cucumber 0.000446 187 230 242 329
Sea_cucumber 0.000533 409 0 415 6
Sea_cucumber 0.000541 218 3 282 38
Sea_cucumber 0.000762 410 396 415 412
Sea_cucumber 0.000763 2 411 21 415
Sea_cucumber 0.001071 212 308 243 336
Sea_cucumber 0.001154 393 412 416 415
Sea_cucumber 0.001436 0 409 8 415
Sea_cucumber 0.001504 257 400 309 415
Sea_cucumber 0.001571 260 403 278 412
Sea_cucumber 0.002286 250 412 273 415
Sea_cucumber 0.002347 409 410 415 415
Sea_cucumber 0.002823 236 408 284 415
Sea_cucumber 0.006704 267 411 299 415
Sea_cucumber 0.010702 266 409 333 415
Sea_cucumber 0.015048 191 283 241 321
Sea_cucumber 0.065263 257 407 295 415
Sea_cucumber 0.426146 208 298 244 321
Sea_cucumber 0.911082 52 110 116 127
Sea_cucumber 0.925406 182 231 205 286
