Sea_cucumber 0.003295 273 411 295 416
Sea_cucumber 0.005807 1 284 9 302
Sea_cucumber 0.006645 1 267 8 285
Sea_cucumber 0.007217 130 143 146 165
Sea_cucumber 0.025457 97 0 119 5
Sea_cucumber 0.035635 0 293 13 337
Sea_cucumber 0.090915 0 266 17 303
Sea_cucumber 0.342123 0 287 17 313
Sea_cucumber 0.661586 332 258 365 297
Sea_cucumber 0.669802 95 109 122 155
Sea_cucumber 0.779407 189 27 206 58
Sea_cucumber 0.807160 49 167 100 203
Sea_cucumber 0.810977 279 116 326 153
Sea_cucumber 0.883300 144 167 196 201
Sea_cucumber 0.886245 60 332 109 347
Sea_cucumber 0.940104 230 345 261 370
Sea_cucumber 0.950140 247 77 277 106
Sea_cucumber 0.954607 83 193 135 209
Sea_cucumber 0.955499 178 256 243 290
Sea_cucumber 0.997841 131 231 168 289
