Sea_cucumber 0.005539 409 350 415 408
Sea_cucumber 0.007369 409 267 415 335
Sea_cucumber 0.012081 401 320 416 400
Sea_cucumber 0.012373 409 313 415 336
Sea_cucumber 0.012476 321 75 336 123
Sea_cucumber 0.013204 399 258 415 340
Sea_cucumber 0.020223 409 91 416 104
Sea_cucumber 0.024885 410 75 416 95
Sea_cucumber 0.031753 405 323 415 340
Sea_cucumber 0.031822 306 323 339 344
Sea_cucumber 0.032974 406 292 414 340
Sea_cucumber 0.177399 408 88 415 97
Sea_cucumber 0.302641 398 309 416 340
Sea_cucumber 0.454381 338 294 354 343
Sea_cucumber 0.455264 9 194 64 226
Sea_cucumber 0.456452 306 300 355 348
Sea_cucumber 0.653596 299 75 333 122
Sea_cucumber 0.963728 268 93 292 156
Sea_cucumber 0.989373 2 352 40 409
Sea_cucumber 0.991191 379 121 409 196
