Sea_cucumber 0.000493 0 123 5 144
Sea_cucumber 0.000502 186 39 201 67
Sea_cucumber 0.000528 395 409 416 416
Sea_cucumber 0.000565 326 65 355 83
Sea_cucumber 0.000650 0 188 8 203
Sea_cucumber 0.000700 0 112 7 152
Sea_cucumber 0.000709 209 410 232 415
Sea_cucumber 0.000713 0 181 7 195
Sea_cucumber 0.000760 407 369 416 407
Sea_cucumber 0.001290 408 406 415 416
Sea_cucumber 0.001403 166 75 208 104
Sea_cucumber 0.002802 0 130 9 166
Sea_cucumber 0.003558 408 394 416 413
Sea_cucumber 0.004279 0 138 26 198
Sea_cucumber 0.006448 0 133 8 149
Sea_cucumber 0.145862 4 177 31 198
Sea_cucumber 0.623521 291 209 321 251
Sea_cucumber 0.808806 179 42 209 102
Sea_cucumber 0.993852 142 354 205 396
Sea_cucumber 0.998250 62 126 112 188
