Sea_cucumber 0.001688 412 276 415 309
Sea_cucumber 0.001867 191 126 236 142
Sea_cucumber 0.002428 401 308 414 319
Sea_cucumber 0.002594 406 300 416 328
Sea_cucumber 0.003587 184 137 241 169
Sea_cucumber 0.003839 277 260 294 291
Sea_cucumber 0.004718 291 250 311 272
Sea_cucumber 0.004902 399 294 415 321
Sea_cucumber 0.004965 232 106 251 138
Sea_cucumber 0.005434 192 141 231 157
Sea_cucumber 0.006453 188 154 207 161
Sea_cucumber 0.012752 194 134 231 146
Sea_cucumber 0.048022 407 281 415 319
Sea_cucumber 0.060105 267 176 282 203
Sea_cucumber 0.178670 407 301 415 316
Sea_cucumber 0.188332 251 179 281 208
Sea_cucumber 0.216025 205 105 249 145
Sea_cucumber 0.534833 280 249 312 290
Sea_cucumber 0.680657 191 152 230 165
Sea_cucumber 0.941736 24 296 58 317
