Sea_cucumber 0.001506 50 408 72 415
Sea_cucumber 0.001704 309 412 340 415
Sea_cucumber 0.001785 0 216 5 242
Sea_cucumber 0.002221 410 409 415 415
Sea_cucumber 0.002955 396 249 416 315
Sea_cucumber 0.003239 0 193 6 247
Sea_cucumber 0.003323 382 294 413 322
Sea_cucumber 0.003550 0 237 6 298
Sea_cucumber 0.004760 339 412 371 415
Sea_cucumber 0.005097 33 399 71 414
Sea_cucumber 0.005182 0 232 8 270
Sea_cucumber 0.008687 311 409 353 416
Sea_cucumber 0.011236 331 409 381 415
Sea_cucumber 0.013101 0 222 10 249
Sea_cucumber 0.033438 332 410 349 415
Sea_cucumber 0.058123 0 236 9 248
Sea_cucumber 0.169305 396 288 415 314
Sea_cucumber 0.326058 136 274 156 315
Sea_cucumber 0.991028 175 210 260 241
Sea_cucumber 0.996350 202 252 233 308
