Sea_cucumber 0.000223 46 413 74 416
Sea_cucumber 0.000236 299 0 348 8
Sea_cucumber 0.000285 80 0 120 19
Sea_cucumber 0.000294 0 409 47 415
Sea_cucumber 0.000296 212 409 260 416
Sea_cucumber 0.000300 0 395 6 414
Sea_cucumber 0.000327 276 0 308 3
Sea_cucumber 0.000331 222 412 251 416
Sea_cucumber 0.000341 31 0 106 6
Sea_cucumber 0.000446 0 345 3 366
Sea_cucumber 0.000657 367 51 396 72
Sea_cucumber 0.000678 0 0 7 6
Sea_cucumber 0.000692 277 0 322 7
Sea_cucumber 0.000862 2 411 21 415
Sea_cucumber 0.001402 86 0 112 5
Sea_cucumber 0.001417 0 409 9 415
Sea_cucumber 0.001800 236 410 255 416
Sea_cucumber 0.001984 297 0 319 5
Sea_cucumber 0.002653 69 0 115 7
Sea_cucumber 0.034366 368 51 414 89
