Sea_cucumber 0.000156 318 411 346 416
Sea_cucumber 0.000168 413 200 416 223
Sea_cucumber 0.000177 342 410 370 415
Sea_cucumber 0.000217 409 407 416 416
Sea_cucumber 0.000227 1 410 22 416
Sea_cucumber 0.000229 1 204 7 219
Sea_cucumber 0.000241 411 25 416 45
Sea_cucumber 0.000251 308 317 341 343
Sea_cucumber 0.000266 263 0 322 7
Sea_cucumber 0.000267 409 377 416 414
Sea_cucumber 0.000309 139 355 166 397
Sea_cucumber 0.000351 0 409 8 416
Sea_cucumber 0.000358 409 396 415 411
Sea_cucumber 0.000597 263 0 289 3
Sea_cucumber 0.001210 311 406 370 415
Sea_cucumber 0.001865 142 354 158 379
Sea_cucumber 0.002498 137 278 161 301
Sea_cucumber 0.006573 142 358 186 382
Sea_cucumber 0.021026 322 398 374 414
Sea_cucumber 0.261795 239 119 292 162
