Sea_cucumber 0.000009 385 413 406 415
Sea_cucumber 0.000009 294 410 371 415
Sea_cucumber 0.000009 9 413 30 415
Sea_cucumber 0.000009 2 0 22 4
Sea_cucumber 0.000009 396 413 412 416
Sea_cucumber 0.000010 88 359 151 392
Sea_cucumber 0.000011 369 0 407 45
Sea_cucumber 0.000013 208 175 246 200
Sea_cucumber 0.000014 382 0 416 8
Sea_cucumber 0.000018 412 3 416 20
Sea_cucumber 0.000020 161 267 198 283
Sea_cucumber 0.000022 148 290 181 309
Sea_cucumber 0.000028 153 115 217 157
Sea_cucumber 0.000030 411 411 415 416
Sea_cucumber 0.000031 4 412 20 415
Sea_cucumber 0.000040 393 0 416 5
Sea_cucumber 0.000040 0 0 6 6
Sea_cucumber 0.000053 1 410 7 415
Sea_cucumber 0.000089 45 111 78 138
Sea_cucumber 0.000099 409 0 415 7
