Sea_cucumber 0.000602 0 64 4 86
Sea_cucumber 0.000655 154 412 188 416
Sea_cucumber 0.000672 122 413 158 416
Sea_cucumber 0.000872 203 0 252 8
Sea_cucumber 0.000884 107 0 125 6
Sea_cucumber 0.000937 1 407 9 416
Sea_cucumber 0.000961 223 45 236 61
Sea_cucumber 0.001362 90 10 97 31
Sea_cucumber 0.001530 219 33 244 80
Sea_cucumber 0.001553 100 4 114 21
Sea_cucumber 0.001881 99 0 115 8
Sea_cucumber 0.001893 411 1 416 10
Sea_cucumber 0.002259 412 3 416 19
Sea_cucumber 0.003059 228 58 240 77
Sea_cucumber 0.003125 94 12 109 27
Sea_cucumber 0.003424 142 409 201 416
Sea_cucumber 0.019465 126 409 170 416
Sea_cucumber 0.043438 223 47 238 76
Sea_cucumber 0.074664 145 410 165 415
Sea_cucumber 0.183883 93 0 120 25
