Sea_cucumber 0.000016 383 413 409 416
Sea_cucumber 0.000016 393 0 416 4
Sea_cucumber 0.000018 1 0 23 5
Sea_cucumber 0.000018 412 397 416 413
Sea_cucumber 0.000021 183 412 209 415
Sea_cucumber 0.000022 197 413 228 415
Sea_cucumber 0.000023 7 413 32 415
Sea_cucumber 0.000023 1 395 5 414
Sea_cucumber 0.000023 413 1 416 23
Sea_cucumber 0.000027 181 409 244 415
Sea_cucumber 0.000030 270 413 299 415
Sea_cucumber 0.000033 186 19 249 59
Sea_cucumber 0.000034 365 412 395 415
Sea_cucumber 0.000050 0 0 6 7
Sea_cucumber 0.000050 395 413 414 416
Sea_cucumber 0.000059 2 411 20 415
Sea_cucumber 0.000084 366 1 412 47
Sea_cucumber 0.000086 410 0 416 7
Sea_cucumber 0.000123 1 409 8 415
Sea_cucumber 0.000197 411 410 415 415
