Sea_cucumber 0.000259 0 131 7 180
Sea_cucumber 0.000276 9 409 79 415
Sea_cucumber 0.000298 167 330 192 353
Sea_cucumber 0.000349 0 398 6 412
Sea_cucumber 0.000353 0 162 4 181
Sea_cucumber 0.000373 408 346 415 361
Sea_cucumber 0.000375 13 411 43 415
Sea_cucumber 0.000407 1 267 8 317
Sea_cucumber 0.000539 0 408 43 415
Sea_cucumber 0.000561 397 342 416 369
Sea_cucumber 0.000590 408 329 415 352
Sea_cucumber 0.000954 291 69 313 100
Sea_cucumber 0.001176 379 368 396 389
Sea_cucumber 0.001274 412 243 416 259
Sea_cucumber 0.001398 405 342 415 356
Sea_cucumber 0.001479 0 409 8 415
Sea_cucumber 0.001789 3 410 22 416
Sea_cucumber 0.001919 398 328 416 354
Sea_cucumber 0.295990 276 66 324 103
Sea_cucumber 0.889723 103 145 129 194
