Sea_cucumber 0.000808 408 244 415 291
Sea_cucumber 0.000991 406 277 415 321
Sea_cucumber 0.001244 74 412 109 415
Sea_cucumber 0.001370 198 13 225 41
Sea_cucumber 0.001413 0 379 5 397
Sea_cucumber 0.001889 0 378 8 413
Sea_cucumber 0.002366 405 269 416 300
Sea_cucumber 0.002772 164 186 180 217
Sea_cucumber 0.003351 408 40 416 80
Sea_cucumber 0.003507 179 45 197 74
Sea_cucumber 0.003886 383 103 410 131
Sea_cucumber 0.003925 52 410 116 416
Sea_cucumber 0.004013 341 35 351 58
Sea_cucumber 0.004208 165 337 179 373
Sea_cucumber 0.006116 411 58 416 79
Sea_cucumber 0.026250 180 16 211 70
Sea_cucumber 0.146294 333 36 351 69
Sea_cucumber 0.948224 216 244 266 262
Sea_cucumber 0.993402 301 2 340 56
Sea_cucumber 0.994281 375 314 407 386
