Sea_cucumber 0.000256 4 408 52 416
Sea_cucumber 0.000263 93 399 141 415
Sea_cucumber 0.000296 385 409 407 415
Sea_cucumber 0.000303 221 157 254 183
Sea_cucumber 0.000346 185 408 239 415
Sea_cucumber 0.000384 120 408 176 416
Sea_cucumber 0.000387 409 397 416 413
Sea_cucumber 0.000398 102 411 132 415
Sea_cucumber 0.000401 409 339 416 359
Sea_cucumber 0.000405 69 408 132 416
Sea_cucumber 0.000547 8 409 27 416
Sea_cucumber 0.000572 381 394 413 415
Sea_cucumber 0.000632 2 395 20 416
Sea_cucumber 0.000819 394 408 415 416
Sea_cucumber 0.000879 408 406 416 416
Sea_cucumber 0.001270 186 411 205 415
Sea_cucumber 0.001524 0 408 11 416
Sea_cucumber 0.002379 105 407 143 415
Sea_cucumber 0.005496 4 407 20 415
Sea_cucumber 0.005751 37 256 65 278
