Sea_cucumber 0.002681 315 408 332 416
Sea_cucumber 0.002803 0 0 8 42
Sea_cucumber 0.003178 397 229 416 259
Sea_cucumber 0.003545 0 0 38 21
Sea_cucumber 0.004825 0 1 6 21
Sea_cucumber 0.005055 0 0 40 8
Sea_cucumber 0.005664 1 277 10 293
Sea_cucumber 0.006021 173 227 200 255
Sea_cucumber 0.007006 0 272 23 321
Sea_cucumber 0.007496 204 407 220 415
Sea_cucumber 0.013595 1 0 20 6
Sea_cucumber 0.025065 0 0 9 7
Sea_cucumber 0.028215 156 186 172 219
Sea_cucumber 0.052482 166 368 224 409
Sea_cucumber 0.062861 0 278 37 302
Sea_cucumber 0.190699 0 273 20 297
Sea_cucumber 0.347504 11 93 40 138
Sea_cucumber 0.394201 163 367 199 393
Sea_cucumber 0.465822 369 240 406 264
Sea_cucumber 0.754388 215 12 236 75
