Sea_cucumber 0.000089 407 0 416 16
Sea_cucumber 0.000097 0 0 7 6
Sea_cucumber 0.000098 0 410 7 416
Sea_cucumber 0.000100 398 0 416 25
Sea_cucumber 0.000117 219 368 236 390
Sea_cucumber 0.000131 128 408 183 416
Sea_cucumber 0.000134 381 0 411 4
Sea_cucumber 0.000136 203 356 262 402
Sea_cucumber 0.000138 373 0 416 20
Sea_cucumber 0.000143 110 407 154 415
Sea_cucumber 0.000169 125 396 156 415
Sea_cucumber 0.000344 411 409 415 416
Sea_cucumber 0.000438 124 411 143 416
Sea_cucumber 0.000456 369 0 416 7
Sea_cucumber 0.000522 412 2 416 35
Sea_cucumber 0.000874 395 0 416 6
Sea_cucumber 0.001034 410 0 416 42
Sea_cucumber 0.001602 129 409 150 415
Sea_cucumber 0.012800 410 2 416 18
Sea_cucumber 0.040760 410 2 416 9
