Sea_cucumber 0.000567 248 409 268 416
Sea_cucumber 0.000587 222 376 272 414
Sea_cucumber 0.000654 0 327 19 352
Sea_cucumber 0.000752 410 408 416 416
Sea_cucumber 0.000756 410 377 416 415
Sea_cucumber 0.000943 217 394 253 416
Sea_cucumber 0.001031 209 408 233 415
Sea_cucumber 0.001393 0 21 8 36
Sea_cucumber 0.001691 238 391 266 415
Sea_cucumber 0.001765 0 302 5 315
Sea_cucumber 0.001863 334 60 364 87
Sea_cucumber 0.002025 0 303 7 345
Sea_cucumber 0.002439 413 378 416 398
Sea_cucumber 0.002600 243 407 260 415
Sea_cucumber 0.003144 205 397 235 415
Sea_cucumber 0.003183 0 330 8 350
Sea_cucumber 0.003653 250 382 266 411
Sea_cucumber 0.409545 7 356 45 389
Sea_cucumber 0.607721 292 118 323 151
Sea_cucumber 0.966620 244 283 258 318
