Sea_cucumber 0.000021 1 396 4 414
Sea_cucumber 0.000022 382 0 409 51
Sea_cucumber 0.000024 396 413 412 416
Sea_cucumber 0.000027 395 0 415 54
Sea_cucumber 0.000027 344 208 404 253
Sea_cucumber 0.000029 202 141 229 198
Sea_cucumber 0.000029 143 0 168 4
Sea_cucumber 0.000030 395 0 414 5
Sea_cucumber 0.000031 205 413 235 415
Sea_cucumber 0.000033 200 410 254 415
Sea_cucumber 0.000044 0 0 7 6
Sea_cucumber 0.000048 379 2 414 21
Sea_cucumber 0.000054 373 0 416 9
Sea_cucumber 0.000071 409 3 415 51
Sea_cucumber 0.000104 3 412 22 415
Sea_cucumber 0.000110 224 412 246 415
Sea_cucumber 0.000117 411 410 415 416
Sea_cucumber 0.000148 411 2 416 22
Sea_cucumber 0.000200 410 0 416 8
Sea_cucumber 0.000269 1 410 7 415
