Sea_cucumber 0.000227 338 408 389 416
Sea_cucumber 0.000228 276 154 293 179
Sea_cucumber 0.000248 408 0 415 41
Sea_cucumber 0.000273 410 1 416 21
Sea_cucumber 0.000284 371 408 416 416
Sea_cucumber 0.000310 389 0 416 9
Sea_cucumber 0.000325 26 294 43 319
Sea_cucumber 0.000372 330 28 347 45
Sea_cucumber 0.000388 0 408 6 415
Sea_cucumber 0.000389 0 311 7 323
Sea_cucumber 0.000398 0 27 8 43
Sea_cucumber 0.000446 394 411 416 416
Sea_cucumber 0.000458 0 393 4 414
Sea_cucumber 0.000486 363 411 383 416
Sea_cucumber 0.000898 408 408 416 415
Sea_cucumber 0.000903 253 251 296 270
Sea_cucumber 0.001105 44 95 61 119
Sea_cucumber 0.003095 252 260 283 273
Sea_cucumber 0.004712 405 0 415 7
Sea_cucumber 0.005694 277 163 303 182
