Sea_cucumber 0.001168 410 98 416 148
Sea_cucumber 0.001178 375 406 416 416
Sea_cucumber 0.001263 223 0 265 8
Sea_cucumber 0.001316 394 409 415 416
Sea_cucumber 0.001474 2 0 22 7
Sea_cucumber 0.001826 411 28 416 91
Sea_cucumber 0.001951 409 406 415 416
Sea_cucumber 0.001980 395 379 416 414
Sea_cucumber 0.002253 410 395 415 414
Sea_cucumber 0.002453 234 0 256 5
Sea_cucumber 0.002518 413 64 415 104
Sea_cucumber 0.003404 409 89 416 125
Sea_cucumber 0.003899 236 2 264 50
Sea_cucumber 0.004646 413 53 416 83
Sea_cucumber 0.006658 245 0 259 6
Sea_cucumber 0.016491 412 87 416 112
Sea_cucumber 0.032848 255 349 314 381
Sea_cucumber 0.049954 410 103 416 114
Sea_cucumber 0.070117 410 53 415 115
Sea_cucumber 0.987852 114 58 203 95
