Sea_cucumber 0.000718 0 281 3 317
Sea_cucumber 0.000980 409 410 415 415
Sea_cucumber 0.001000 0 47 7 104
Sea_cucumber 0.001147 1 409 7 415
Sea_cucumber 0.001378 166 0 211 6
Sea_cucumber 0.002441 371 260 401 308
Sea_cucumber 0.003544 0 24 9 64
Sea_cucumber 0.003974 0 45 12 74
Sea_cucumber 0.005055 186 0 207 4
Sea_cucumber 0.007096 333 265 389 302
Sea_cucumber 0.007448 1 241 6 294
Sea_cucumber 0.009197 0 267 4 287
Sea_cucumber 0.009245 0 270 7 313
Sea_cucumber 0.016394 0 47 10 60
Sea_cucumber 0.017894 380 337 416 407
Sea_cucumber 0.058728 1 277 6 291
Sea_cucumber 0.453135 370 264 386 303
Sea_cucumber 0.711662 208 263 297 286
Sea_cucumber 0.772781 379 333 416 363
Sea_cucumber 0.998876 155 265 186 334
