Sea_cucumber 0.000332 0 377 3 414
Sea_cucumber 0.000337 410 81 416 103
Sea_cucumber 0.000364 0 344 4 383
Sea_cucumber 0.000399 409 57 416 81
Sea_cucumber 0.000413 0 411 21 415
Sea_cucumber 0.000443 235 281 251 318
Sea_cucumber 0.000455 1 327 6 355
Sea_cucumber 0.000463 236 155 251 177
Sea_cucumber 0.000498 0 409 8 416
Sea_cucumber 0.000585 0 159 6 215
Sea_cucumber 0.000796 407 67 415 100
Sea_cucumber 0.001013 0 132 15 202
Sea_cucumber 0.001041 0 323 14 400
Sea_cucumber 0.001287 1 135 5 162
Sea_cucumber 0.001388 0 115 7 165
Sea_cucumber 0.001807 0 369 4 391
Sea_cucumber 0.001976 0 362 6 414
Sea_cucumber 0.002167 0 152 4 191
Sea_cucumber 0.007501 0 330 8 382
Sea_cucumber 0.060442 0 140 7 188
