Sea_cucumber 0.003427 0 406 10 415
Sea_cucumber 0.004294 142 409 201 416
Sea_cucumber 0.005326 233 218 283 251
Sea_cucumber 0.005381 253 221 284 270
Sea_cucumber 0.006250 194 115 226 132
Sea_cucumber 0.010330 124 409 172 415
Sea_cucumber 0.012150 78 148 130 182
Sea_cucumber 0.020686 144 411 167 415
Sea_cucumber 0.029909 202 375 285 404
Sea_cucumber 0.031321 267 0 288 4
Sea_cucumber 0.048169 267 219 282 256
Sea_cucumber 0.105734 195 384 241 404
Sea_cucumber 0.178834 85 157 119 174
Sea_cucumber 0.249589 92 110 111 149
Sea_cucumber 0.458141 171 313 200 352
Sea_cucumber 0.478525 129 292 165 314
Sea_cucumber 0.490923 176 115 217 136
Sea_cucumber 0.706485 228 220 263 242
Sea_cucumber 0.765276 271 326 287 358
Sea_cucumber 0.786605 43 338 82 362
