Sea_cucumber 0.000007 409 329 413 400
Sea_cucumber 0.000008 242 313 416 416
Sea_cucumber 0.000008 350 412 362 415
Sea_cucumber 0.000009 324 372 416 398
Sea_cucumber 0.000009 409 355 413 386
Sea_cucumber 0.000011 332 414 349 415
Sea_cucumber 0.000011 263 0 288 3
Sea_cucumber 0.000011 411 348 413 381
Sea_cucumber 0.000012 1 396 4 413
Sea_cucumber 0.000015 370 365 376 375
Sea_cucumber 0.000015 342 413 354 415
Sea_cucumber 0.000017 10 413 30 415
Sea_cucumber 0.000017 368 355 377 369
Sea_cucumber 0.000022 272 360 416 415
Sea_cucumber 0.000027 375 357 385 367
Sea_cucumber 0.000028 0 0 6 6
Sea_cucumber 0.000037 4 412 20 415
Sea_cucumber 0.000038 326 295 411 405
Sea_cucumber 0.000042 409 1 415 8
Sea_cucumber 0.000063 1 410 6 415
