Sea_cucumber 0.003394 357 410 373 415
Sea_cucumber 0.003834 190 260 203 273
Sea_cucumber 0.004237 336 0 376 6
Sea_cucumber 0.004450 381 164 393 179
Sea_cucumber 0.004653 115 0 128 11
Sea_cucumber 0.004755 65 0 120 9
Sea_cucumber 0.004820 239 177 279 199
Sea_cucumber 0.004840 113 0 148 20
Sea_cucumber 0.008366 100 1 119 8
Sea_cucumber 0.018786 240 173 266 192
Sea_cucumber 0.024224 357 0 372 6
Sea_cucumber 0.035423 78 0 125 19
Sea_cucumber 0.070691 179 193 214 226
Sea_cucumber 0.383084 108 0 125 19
Sea_cucumber 0.543431 111 391 191 415
Sea_cucumber 0.561027 228 188 286 219
Sea_cucumber 0.658783 209 72 274 91
Sea_cucumber 0.855438 382 135 395 180
Sea_cucumber 0.919134 189 246 205 274
Sea_cucumber 0.932958 155 341 188 374
