Sea_cucumber 0.000560 409 285 415 331
Sea_cucumber 0.000614 23 406 63 416
Sea_cucumber 0.000749 408 26 415 46
Sea_cucumber 0.000749 0 408 9 415
Sea_cucumber 0.000826 8 410 35 416
Sea_cucumber 0.000867 30 410 55 416
Sea_cucumber 0.001008 203 126 254 169
Sea_cucumber 0.001017 371 165 386 191
Sea_cucumber 0.001102 93 60 154 78
Sea_cucumber 0.001276 0 304 8 343
Sea_cucumber 0.001384 399 9 415 46
Sea_cucumber 0.001426 2 396 37 416
Sea_cucumber 0.001530 410 2 416 21
Sea_cucumber 0.001704 396 29 416 59
Sea_cucumber 0.001818 273 396 310 415
Sea_cucumber 0.002130 409 0 416 9
Sea_cucumber 0.002590 407 0 415 41
Sea_cucumber 0.003926 0 192 8 232
Sea_cucumber 0.004908 378 288 412 314
Sea_cucumber 0.007934 19 407 38 416
