Sea_cucumber 0.000305 0 409 7 416
Sea_cucumber 0.000318 0 358 5 416
Sea_cucumber 0.000393 408 407 415 415
Sea_cucumber 0.000398 408 396 415 413
Sea_cucumber 0.000414 154 0 188 2
Sea_cucumber 0.000499 305 241 341 264
Sea_cucumber 0.000517 372 0 416 7
Sea_cucumber 0.000549 120 0 175 5
Sea_cucumber 0.000626 300 334 319 364
Sea_cucumber 0.000666 18 0 70 6
Sea_cucumber 0.000851 310 242 371 281
Sea_cucumber 0.000898 47 0 121 6
Sea_cucumber 0.001263 411 2 416 20
Sea_cucumber 0.001367 48 0 70 3
Sea_cucumber 0.001516 394 0 416 6
Sea_cucumber 0.002085 137 0 222 5
Sea_cucumber 0.002668 144 0 169 3
Sea_cucumber 0.004508 408 0 415 7
Sea_cucumber 0.022552 283 244 341 278
Sea_cucumber 0.125010 285 255 304 277
