Sea_cucumber 0.000415 190 0 219 2
Sea_cucumber 0.000426 409 0 416 7
Sea_cucumber 0.000426 0 264 5 320
Sea_cucumber 0.000480 0 285 3 314
Sea_cucumber 0.000495 410 130 415 150
Sea_cucumber 0.000510 363 22 413 61
Sea_cucumber 0.000511 0 2 6 21
Sea_cucumber 0.000534 0 0 7 8
Sea_cucumber 0.000561 0 23 3 48
Sea_cucumber 0.000637 409 186 415 237
Sea_cucumber 0.000785 358 51 389 66
Sea_cucumber 0.000786 0 4 6 51
Sea_cucumber 0.002209 361 42 399 63
Sea_cucumber 0.624140 272 140 330 161
Sea_cucumber 0.711561 143 198 205 229
Sea_cucumber 0.731207 40 297 101 317
Sea_cucumber 0.865162 296 215 351 250
Sea_cucumber 0.957859 125 267 199 298
Sea_cucumber 0.975052 87 217 130 259
Sea_cucumber 0.976888 255 106 317 142
