Sea_cucumber 0.000081 80 413 105 416
Sea_cucumber 0.000082 40 241 103 281
Sea_cucumber 0.000091 286 412 313 416
Sea_cucumber 0.000095 49 57 67 82
Sea_cucumber 0.000099 11 48 70 93
Sea_cucumber 0.000121 256 398 295 415
Sea_cucumber 0.000132 89 410 143 416
Sea_cucumber 0.000134 222 413 251 416
Sea_cucumber 0.000138 409 0 415 6
Sea_cucumber 0.000164 146 410 167 415
Sea_cucumber 0.000205 102 412 129 416
Sea_cucumber 0.000217 250 412 285 416
Sea_cucumber 0.000224 228 410 277 416
Sea_cucumber 0.000248 272 408 328 416
Sea_cucumber 0.000280 279 410 301 416
Sea_cucumber 0.000426 98 412 115 415
Sea_cucumber 0.001514 273 408 293 415
Sea_cucumber 0.001832 242 412 261 416
Sea_cucumber 0.002002 242 408 293 415
Sea_cucumber 0.062478 207 371 237 391
