Sea_cucumber 0.000865 1 54 4 97
Sea_cucumber 0.000907 305 349 349 395
Sea_cucumber 0.000979 399 234 413 268
Sea_cucumber 0.001251 0 5 9 51
Sea_cucumber 0.001311 1 409 20 415
Sea_cucumber 0.001347 0 396 7 413
Sea_cucumber 0.001873 404 200 414 255
Sea_cucumber 0.001939 0 407 10 415
Sea_cucumber 0.002025 0 225 5 277
Sea_cucumber 0.002165 0 58 5 124
Sea_cucumber 0.003450 0 280 3 303
Sea_cucumber 0.009230 0 251 3 270
Sea_cucumber 0.009252 0 250 5 301
Sea_cucumber 0.023187 0 26 11 64
Sea_cucumber 0.102342 0 34 8 99
Sea_cucumber 0.352903 308 353 329 392
Sea_cucumber 0.505812 396 204 410 252
Sea_cucumber 0.663885 0 24 14 112
Sea_cucumber 0.910149 376 1 402 51
Sea_cucumber 0.996609 13 139 56 196
