Sea_cucumber 0.000161 409 0 415 6
Sea_cucumber 0.000162 352 0 374 4
Sea_cucumber 0.000166 297 409 319 415
Sea_cucumber 0.000167 0 48 19 72
Sea_cucumber 0.000169 75 0 91 6
Sea_cucumber 0.000174 166 133 181 161
Sea_cucumber 0.000187 285 0 302 6
Sea_cucumber 0.000191 285 197 292 225
Sea_cucumber 0.000207 58 409 79 415
Sea_cucumber 0.000211 127 411 152 416
Sea_cucumber 0.000294 116 409 134 416
Sea_cucumber 0.000309 56 394 83 413
Sea_cucumber 0.000340 409 212 416 230
Sea_cucumber 0.000345 411 409 416 416
Sea_cucumber 0.000426 45 247 61 270
Sea_cucumber 0.000505 1 58 8 74
Sea_cucumber 0.001108 292 0 308 8
Sea_cucumber 0.002949 374 364 390 395
Sea_cucumber 0.006630 253 202 287 227
Sea_cucumber 0.054612 276 198 291 226
