Sea_cucumber 0.001271 407 0 415 7
Sea_cucumber 0.001363 402 39 416 106
Sea_cucumber 0.001388 412 19 416 55
Sea_cucumber 0.001487 410 408 415 416
Sea_cucumber 0.001693 193 268 211 301
Sea_cucumber 0.001920 121 49 146 59
Sea_cucumber 0.002559 409 55 415 79
Sea_cucumber 0.004981 117 44 166 59
Sea_cucumber 0.005953 48 410 69 415
Sea_cucumber 0.008699 410 32 415 57
Sea_cucumber 0.012233 401 4 416 72
Sea_cucumber 0.015003 145 37 182 53
Sea_cucumber 0.020865 406 46 415 88
Sea_cucumber 0.048658 408 8 415 65
Sea_cucumber 0.328268 405 37 415 68
Sea_cucumber 0.345829 119 37 182 65
Sea_cucumber 0.633979 178 269 211 313
Sea_cucumber 0.881174 253 87 278 140
Sea_cucumber 0.947646 15 112 89 148
Sea_cucumber 0.994604 315 125 377 178
