Sea_cucumber 0.003226 184 410 239 415
Sea_cucumber 0.003408 158 411 186 416
Sea_cucumber 0.003833 1 166 7 181
Sea_cucumber 0.005892 0 47 6 105
Sea_cucumber 0.006136 29 362 84 398
Sea_cucumber 0.006403 107 409 157 416
Sea_cucumber 0.007973 166 409 209 416
Sea_cucumber 0.008079 0 81 4 104
Sea_cucumber 0.013537 0 173 8 185
Sea_cucumber 0.013994 187 411 206 415
Sea_cucumber 0.014918 175 411 200 416
Sea_cucumber 0.015894 0 328 45 365
Sea_cucumber 0.017353 129 411 151 416
Sea_cucumber 0.029786 0 334 23 388
Sea_cucumber 0.033019 130 408 182 415
Sea_cucumber 0.035536 0 342 12 356
Sea_cucumber 0.180131 43 378 78 396
Sea_cucumber 0.188903 0 336 18 361
Sea_cucumber 0.939530 35 167 58 227
Sea_cucumber 0.993587 4 272 40 331
