Sea_cucumber 0.000242 0 0 7 41
Sea_cucumber 0.000250 408 332 415 380
Sea_cucumber 0.000273 0 0 21 5
Sea_cucumber 0.000330 262 407 306 416
Sea_cucumber 0.000334 215 408 273 416
Sea_cucumber 0.000338 26 277 86 312
Sea_cucumber 0.000361 0 409 8 416
Sea_cucumber 0.000390 0 0 43 8
Sea_cucumber 0.000473 409 0 416 8
Sea_cucumber 0.000473 94 23 108 64
Sea_cucumber 0.000492 265 409 287 416
Sea_cucumber 0.000496 0 0 5 22
Sea_cucumber 0.000509 411 394 416 414
Sea_cucumber 0.000604 395 411 415 416
Sea_cucumber 0.000676 408 358 415 416
Sea_cucumber 0.000932 409 408 416 416
Sea_cucumber 0.001280 51 279 69 305
Sea_cucumber 0.001585 253 326 283 370
Sea_cucumber 0.003236 267 328 283 353
Sea_cucumber 0.003749 0 0 6 6
