Sea_cucumber 0.000385 367 371 415 413
Sea_cucumber 0.000415 160 203 199 223
Sea_cucumber 0.000435 411 3 416 20
Sea_cucumber 0.000436 153 202 212 234
Sea_cucumber 0.000448 109 0 139 3
Sea_cucumber 0.000453 408 0 416 8
Sea_cucumber 0.000491 319 409 378 416
Sea_cucumber 0.000533 37 0 82 7
Sea_cucumber 0.000567 70 366 97 393
Sea_cucumber 0.000787 0 331 5 349
Sea_cucumber 0.000816 11 0 61 6
Sea_cucumber 0.000899 0 219 6 267
Sea_cucumber 0.001278 107 409 171 416
Sea_cucumber 0.001321 1 179 8 198
Sea_cucumber 0.001664 116 412 145 416
Sea_cucumber 0.001906 0 186 8 237
Sea_cucumber 0.002418 42 0 61 4
Sea_cucumber 0.004825 0 222 6 236
Sea_cucumber 0.020399 96 409 135 416
Sea_cucumber 0.054772 105 410 126 415
