Sea_cucumber 0.003045 364 169 382 192
Sea_cucumber 0.003167 358 181 374 210
Sea_cucumber 0.003363 268 275 304 290
Sea_cucumber 0.003604 0 212 7 228
Sea_cucumber 0.003934 350 114 360 134
Sea_cucumber 0.004854 191 19 219 39
Sea_cucumber 0.004858 185 147 197 195
Sea_cucumber 0.014888 358 160 404 206
Sea_cucumber 0.020271 319 78 348 93
Sea_cucumber 0.023036 408 6 415 49
Sea_cucumber 0.025430 324 82 352 100
Sea_cucumber 0.034150 359 175 386 203
Sea_cucumber 0.060610 132 3 160 19
Sea_cucumber 0.108293 202 25 223 60
Sea_cucumber 0.128370 36 264 56 291
Sea_cucumber 0.241710 166 102 193 119
Sea_cucumber 0.364429 367 159 408 184
Sea_cucumber 0.540099 348 119 362 159
Sea_cucumber 0.584631 276 118 311 160
Sea_cucumber 0.643850 186 136 208 191
