Sea_cucumber 0.000499 0 0 6 6
Sea_cucumber 0.000570 380 250 412 313
Sea_cucumber 0.000598 409 0 416 9
Sea_cucumber 0.000610 338 263 380 304
Sea_cucumber 0.000628 305 0 329 4
Sea_cucumber 0.000637 327 0 352 4
Sea_cucumber 0.000642 0 54 3 80
Sea_cucumber 0.000682 1 155 7 189
Sea_cucumber 0.000689 411 410 415 415
Sea_cucumber 0.000728 1 144 6 169
Sea_cucumber 0.001640 0 135 8 180
Sea_cucumber 0.001817 244 192 278 243
Sea_cucumber 0.001907 409 12 415 24
Sea_cucumber 0.002941 152 0 175 7
Sea_cucumber 0.002970 409 6 415 20
Sea_cucumber 0.006045 320 0 331 4
Sea_cucumber 0.006733 3 145 81 183
Sea_cucumber 0.338726 1 149 17 192
Sea_cucumber 0.543153 28 147 79 166
Sea_cucumber 0.889224 348 269 369 298
