Sea_cucumber 0.000462 0 3 6 20
Sea_cucumber 0.000539 0 0 8 9
Sea_cucumber 0.000629 0 367 9 411
Sea_cucumber 0.000734 397 282 415 305
Sea_cucumber 0.000734 35 37 51 54
Sea_cucumber 0.000750 164 152 181 163
Sea_cucumber 0.000827 407 284 415 302
Sea_cucumber 0.000863 407 0 415 5
Sea_cucumber 0.000875 348 409 367 415
Sea_cucumber 0.000937 322 408 339 416
Sea_cucumber 0.001526 165 152 192 175
Sea_cucumber 0.001604 303 396 330 415
Sea_cucumber 0.002181 308 407 326 416
Sea_cucumber 0.004425 2 406 17 416
Sea_cucumber 0.004485 168 149 202 200
Sea_cucumber 0.009142 318 398 331 413
Sea_cucumber 0.011174 0 393 13 415
Sea_cucumber 0.476896 23 32 52 58
Sea_cucumber 0.944812 158 289 233 335
Sea_cucumber 0.985114 178 155 212 214
