Sea_cucumber 0.000289 410 306 415 357
Sea_cucumber 0.000289 413 302 416 330
Sea_cucumber 0.000322 0 68 7 116
Sea_cucumber 0.000373 227 1 245 8
Sea_cucumber 0.000375 411 219 416 284
Sea_cucumber 0.000399 1 2 8 20
Sea_cucumber 0.000399 394 412 414 416
Sea_cucumber 0.000413 182 220 244 264
Sea_cucumber 0.000425 409 409 416 416
Sea_cucumber 0.000425 413 228 416 258
Sea_cucumber 0.000791 122 0 174 6
Sea_cucumber 0.000990 413 200 416 226
Sea_cucumber 0.001111 0 0 9 9
Sea_cucumber 0.001277 134 0 160 3
Sea_cucumber 0.001461 100 0 148 5
Sea_cucumber 0.002124 410 206 416 248
Sea_cucumber 0.007891 412 218 416 236
Sea_cucumber 0.009550 122 0 143 3
Sea_cucumber 0.062819 179 212 230 246
Sea_cucumber 0.415894 183 212 212 233
