Sea_cucumber 0.001513 215 412 256 416
Sea_cucumber 0.001999 240 412 263 416
Sea_cucumber 0.002013 380 369 415 416
Sea_cucumber 0.002066 408 399 415 414
Sea_cucumber 0.002247 174 407 219 416
Sea_cucumber 0.002594 0 208 8 262
Sea_cucumber 0.002687 367 410 393 415
Sea_cucumber 0.003063 350 400 411 415
Sea_cucumber 0.003356 405 406 415 415
Sea_cucumber 0.003581 187 400 253 414
Sea_cucumber 0.003760 0 193 9 231
Sea_cucumber 0.003956 201 412 238 415
Sea_cucumber 0.004352 0 206 18 233
Sea_cucumber 0.005469 185 409 207 416
Sea_cucumber 0.005827 215 409 271 416
Sea_cucumber 0.006128 344 408 400 415
Sea_cucumber 0.009538 0 209 6 229
Sea_cucumber 0.132786 187 408 253 415
Sea_cucumber 0.460887 204 351 231 377
Sea_cucumber 0.541574 375 405 416 415
