Sea_cucumber 0.000630 0 33 4 86
Sea_cucumber 0.000645 43 34 96 76
Sea_cucumber 0.000698 407 407 416 415
Sea_cucumber 0.000699 395 409 415 415
Sea_cucumber 0.000782 117 0 179 6
Sea_cucumber 0.000806 0 408 7 416
Sea_cucumber 0.000876 4 411 21 416
Sea_cucumber 0.000986 413 142 416 168
Sea_cucumber 0.001057 410 342 415 356
Sea_cucumber 0.001195 44 50 58 81
Sea_cucumber 0.001220 0 41 3 62
Sea_cucumber 0.001252 47 59 57 76
Sea_cucumber 0.001400 145 0 198 6
Sea_cucumber 0.001694 150 0 178 4
Sea_cucumber 0.002959 251 19 301 38
Sea_cucumber 0.004752 91 70 103 111
Sea_cucumber 0.266918 43 36 62 71
Sea_cucumber 0.764550 197 377 241 396
Sea_cucumber 0.924762 93 38 111 109
Sea_cucumber 0.940346 237 20 293 55
