Sea_cucumber 0.001302 123 413 155 416
Sea_cucumber 0.001508 102 413 130 416
Sea_cucumber 0.001540 191 145 241 222
Sea_cucumber 0.001956 208 0 232 6
Sea_cucumber 0.002225 204 0 252 8
Sea_cucumber 0.002258 113 410 166 415
Sea_cucumber 0.002302 197 168 215 208
Sea_cucumber 0.003955 169 0 208 20
Sea_cucumber 0.003968 222 72 251 93
Sea_cucumber 0.004663 201 1 221 9
Sea_cucumber 0.010958 198 0 241 19
Sea_cucumber 0.011899 117 412 132 415
Sea_cucumber 0.012836 242 343 287 384
Sea_cucumber 0.016171 196 1 212 12
Sea_cucumber 0.034908 191 0 219 19
Sea_cucumber 0.819066 200 159 231 208
Sea_cucumber 0.902301 252 362 288 381
Sea_cucumber 0.922112 33 265 76 287
Sea_cucumber 0.926482 0 385 30 413
Sea_cucumber 0.989783 196 259 287 293
