Sea_cucumber 0.000601 410 114 415 132
Sea_cucumber 0.000618 125 1 171 10
Sea_cucumber 0.000674 23 308 93 347
Sea_cucumber 0.000767 0 408 10 416
Sea_cucumber 0.000774 0 406 41 415
Sea_cucumber 0.000857 409 373 415 416
Sea_cucumber 0.000877 408 0 415 8
Sea_cucumber 0.000917 0 30 19 59
Sea_cucumber 0.000941 412 408 416 416
Sea_cucumber 0.001148 0 409 24 415
Sea_cucumber 0.001231 0 0 8 7
Sea_cucumber 0.001325 230 62 273 78
Sea_cucumber 0.001688 152 0 191 21
Sea_cucumber 0.001751 2 35 49 75
Sea_cucumber 0.001848 2 395 35 415
Sea_cucumber 0.002425 336 215 355 246
Sea_cucumber 0.005432 218 66 270 87
Sea_cucumber 0.007928 141 1 171 20
Sea_cucumber 0.028338 219 71 250 95
Sea_cucumber 0.172278 336 221 373 254
