Sea_cucumber 0.000132 360 0 383 6
Sea_cucumber 0.000143 0 410 7 416
Sea_cucumber 0.000151 225 412 248 416
Sea_cucumber 0.000152 209 1 221 19
Sea_cucumber 0.000181 64 412 88 416
Sea_cucumber 0.000198 0 323 7 339
Sea_cucumber 0.000209 0 317 7 333
Sea_cucumber 0.000213 89 412 112 416
Sea_cucumber 0.000235 137 410 160 416
Sea_cucumber 0.000254 88 0 112 4
Sea_cucumber 0.000323 99 411 118 415
Sea_cucumber 0.000357 196 0 227 20
Sea_cucumber 0.000373 409 60 415 76
Sea_cucumber 0.000403 221 0 249 5
Sea_cucumber 0.000462 216 0 271 9
Sea_cucumber 0.000487 206 0 222 8
Sea_cucumber 0.000888 206 0 237 13
Sea_cucumber 0.004461 218 0 235 9
Sea_cucumber 0.006741 216 0 254 19
Sea_cucumber 0.026887 214 1 226 18
