Sea_cucumber 0.000187 43 371 61 400
Sea_cucumber 0.000255 180 400 196 414
Sea_cucumber 0.000292 201 412 237 416
Sea_cucumber 0.000322 0 410 8 415
Sea_cucumber 0.000342 46 355 122 396
Sea_cucumber 0.000349 0 112 4 136
Sea_cucumber 0.000419 192 398 247 415
Sea_cucumber 0.000447 74 411 95 415
Sea_cucumber 0.000477 204 125 223 155
Sea_cucumber 0.000492 0 133 3 161
Sea_cucumber 0.000499 0 103 7 145
Sea_cucumber 0.000583 145 408 201 416
Sea_cucumber 0.000657 0 131 6 180
Sea_cucumber 0.001048 169 410 193 416
Sea_cucumber 0.002294 171 396 207 416
Sea_cucumber 0.004122 189 408 234 416
Sea_cucumber 0.004125 0 133 5 145
Sea_cucumber 0.016831 194 409 215 416
Sea_cucumber 0.028992 180 407 212 415
Sea_cucumber 0.031689 43 356 76 396
