Sea_cucumber 0.000832 0 275 8 308
Sea_cucumber 0.000915 0 312 3 335
Sea_cucumber 0.001011 179 392 227 413
Sea_cucumber 0.001050 390 40 415 64
Sea_cucumber 0.001124 368 38 416 76
Sea_cucumber 0.001124 409 58 416 74
Sea_cucumber 0.001184 409 397 416 411
Sea_cucumber 0.001406 408 44 416 62
Sea_cucumber 0.001623 233 0 254 3
Sea_cucumber 0.002231 0 285 6 330
Sea_cucumber 0.002534 164 338 254 407
Sea_cucumber 0.003033 0 291 5 307
Sea_cucumber 0.005351 408 52 416 68
Sea_cucumber 0.006386 0 285 6 300
Sea_cucumber 0.020180 169 383 226 405
Sea_cucumber 0.395297 28 191 48 220
Sea_cucumber 0.577373 172 372 249 401
Sea_cucumber 0.975461 39 178 97 241
Sea_cucumber 0.992593 258 77 307 127
Sea_cucumber 0.998068 338 44 381 102
