Sea_cucumber 0.000224 364 1 398 53
Sea_cucumber 0.000269 399 76 415 110
Sea_cucumber 0.000351 409 172 415 235
Sea_cucumber 0.000387 412 1 416 20
Sea_cucumber 0.000399 409 87 415 160
Sea_cucumber 0.000439 372 0 416 8
Sea_cucumber 0.000442 380 148 416 218
Sea_cucumber 0.000490 407 77 415 121
Sea_cucumber 0.000513 399 63 415 148
Sea_cucumber 0.000540 364 97 413 147
Sea_cucumber 0.000623 407 116 414 179
Sea_cucumber 0.000872 409 0 415 8
Sea_cucumber 0.001000 405 164 414 211
Sea_cucumber 0.001043 376 0 416 22
Sea_cucumber 0.004164 397 136 416 175
Sea_cucumber 0.027824 396 161 416 236
Sea_cucumber 0.039059 395 165 416 195
Sea_cucumber 0.057574 370 98 416 205
Sea_cucumber 0.204128 364 0 415 88
Sea_cucumber 0.314629 395 103 415 202
