Sea_cucumber 0.001729 0 61 8 107
Sea_cucumber 0.002010 411 397 416 414
Sea_cucumber 0.002295 175 360 190 388
Sea_cucumber 0.002369 0 408 8 415
Sea_cucumber 0.002475 0 2 18 36
Sea_cucumber 0.002575 290 408 342 415
Sea_cucumber 0.002687 0 235 3 266
Sea_cucumber 0.002981 66 212 101 245
Sea_cucumber 0.003079 410 407 415 415
Sea_cucumber 0.004796 296 0 308 55
Sea_cucumber 0.005347 318 408 361 415
Sea_cucumber 0.006938 41 186 77 219
Sea_cucumber 0.007379 0 224 6 278
Sea_cucumber 0.007494 176 365 203 395
Sea_cucumber 0.013247 321 410 342 415
Sea_cucumber 0.018448 0 203 6 252
Sea_cucumber 0.063440 0 226 4 247
Sea_cucumber 0.064854 35 268 50 296
Sea_cucumber 0.890726 42 183 102 248
Sea_cucumber 0.966831 293 1 318 81
