Sea_cucumber 0.000154 191 410 249 415
Sea_cucumber 0.000174 204 412 235 415
Sea_cucumber 0.000180 411 396 416 415
Sea_cucumber 0.000208 342 288 372 310
Sea_cucumber 0.000223 0 219 5 237
Sea_cucumber 0.000246 408 183 415 226
Sea_cucumber 0.000263 0 408 6 415
Sea_cucumber 0.000298 408 211 415 226
Sea_cucumber 0.000339 0 184 8 224
Sea_cucumber 0.000344 0 222 9 252
Sea_cucumber 0.000427 312 411 334 415
Sea_cucumber 0.000530 1 234 19 256
Sea_cucumber 0.000805 0 243 5 259
Sea_cucumber 0.000917 0 229 6 246
Sea_cucumber 0.001077 0 213 8 224
Sea_cucumber 0.001319 348 284 380 302
Sea_cucumber 0.001345 398 410 414 416
Sea_cucumber 0.002046 407 409 415 416
Sea_cucumber 0.002209 351 287 391 311
Sea_cucumber 0.003304 0 236 6 252
