Sea_cucumber 0.000396 409 33 415 87
Sea_cucumber 0.000470 387 412 406 416
Sea_cucumber 0.000480 396 85 416 112
Sea_cucumber 0.000516 411 64 416 90
Sea_cucumber 0.000522 397 177 415 200
Sea_cucumber 0.000621 409 409 415 416
Sea_cucumber 0.000627 1 409 8 415
Sea_cucumber 0.000628 392 77 415 132
Sea_cucumber 0.000724 257 412 280 416
Sea_cucumber 0.000725 405 76 415 106
Sea_cucumber 0.000834 405 20 414 67
Sea_cucumber 0.001068 408 189 415 204
Sea_cucumber 0.001261 394 411 414 416
Sea_cucumber 0.001428 407 56 415 96
Sea_cucumber 0.001787 408 76 415 94
Sea_cucumber 0.002991 382 81 413 100
Sea_cucumber 0.006446 396 73 416 97
Sea_cucumber 0.077595 395 19 413 93
Sea_cucumber 0.805733 396 23 407 65
Sea_cucumber 0.976667 330 99 356 164
