Sea_cucumber 0.000155 0 298 5 316
Sea_cucumber 0.000174 0 364 27 416
Sea_cucumber 0.000179 1 10 10 46
Sea_cucumber 0.000215 1 362 11 396
Sea_cucumber 0.000215 413 315 416 332
Sea_cucumber 0.000218 0 408 46 416
Sea_cucumber 0.000340 410 179 416 197
Sea_cucumber 0.000354 0 324 6 371
Sea_cucumber 0.000418 1 362 6 382
Sea_cucumber 0.000434 0 410 9 416
Sea_cucumber 0.000442 410 409 415 415
Sea_cucumber 0.000444 0 412 22 416
Sea_cucumber 0.000553 169 413 190 415
Sea_cucumber 0.000930 0 376 28 394
Sea_cucumber 0.001023 1 343 9 385
Sea_cucumber 0.001155 0 346 4 366
Sea_cucumber 0.001784 0 308 26 388
Sea_cucumber 0.001848 0 348 20 383
Sea_cucumber 0.009097 188 135 218 158
Sea_cucumber 0.460655 0 358 35 389
