Sea_cucumber 0.000641 140 287 156 313
Sea_cucumber 0.000673 394 0 416 5
Sea_cucumber 0.000775 195 409 215 416
Sea_cucumber 0.000786 176 404 217 416
Sea_cucumber 0.000828 154 379 221 413
Sea_cucumber 0.000852 395 409 414 416
Sea_cucumber 0.000853 372 407 416 415
Sea_cucumber 0.000938 369 412 390 416
Sea_cucumber 0.001057 410 406 416 416
Sea_cucumber 0.001064 409 368 416 407
Sea_cucumber 0.001086 82 410 101 415
Sea_cucumber 0.001164 50 304 98 347
Sea_cucumber 0.001380 411 387 416 406
Sea_cucumber 0.001512 0 409 7 415
Sea_cucumber 0.002170 227 349 261 365
Sea_cucumber 0.002305 410 393 416 415
Sea_cucumber 0.002395 408 0 415 6
Sea_cucumber 0.002732 386 27 411 49
Sea_cucumber 0.801933 186 386 218 411
Sea_cucumber 0.939631 74 0 130 37
