Sea_cucumber 0.001237 49 0 87 11
Sea_cucumber 0.001245 0 25 6 78
Sea_cucumber 0.001322 0 0 101 47
Sea_cucumber 0.001350 74 11 91 39
Sea_cucumber 0.001856 1 65 18 87
Sea_cucumber 0.001968 1 47 9 89
Sea_cucumber 0.002578 2 122 53 160
Sea_cucumber 0.003291 316 289 367 330
Sea_cucumber 0.003482 7 327 76 367
Sea_cucumber 0.005346 0 317 10 333
Sea_cucumber 0.008981 0 313 19 338
Sea_cucumber 0.012455 312 48 350 69
Sea_cucumber 0.013359 190 410 205 415
Sea_cucumber 0.039437 324 37 355 64
Sea_cucumber 0.048218 60 4 89 34
Sea_cucumber 0.082336 24 2 90 37
Sea_cucumber 0.144293 36 345 82 369
Sea_cucumber 0.172858 337 34 356 54
Sea_cucumber 0.266422 24 128 50 154
Sea_cucumber 0.709604 90 299 171 324
