Sea_cucumber 0.000240 0 276 6 338
Sea_cucumber 0.000254 408 375 415 416
Sea_cucumber 0.000263 177 411 196 415
Sea_cucumber 0.000315 0 384 5 408
Sea_cucumber 0.000329 1 262 4 291
Sea_cucumber 0.000337 371 408 416 415
Sea_cucumber 0.000376 300 335 332 362
Sea_cucumber 0.000416 377 395 416 415
Sea_cucumber 0.000448 0 364 7 412
Sea_cucumber 0.000467 0 407 8 415
Sea_cucumber 0.000521 410 394 416 414
Sea_cucumber 0.000543 395 410 415 416
Sea_cucumber 0.000673 0 264 8 303
Sea_cucumber 0.000735 410 407 415 416
Sea_cucumber 0.000905 0 397 7 411
Sea_cucumber 0.000914 0 239 6 296
Sea_cucumber 0.001026 327 339 369 359
Sea_cucumber 0.001144 0 276 6 293
Sea_cucumber 0.001173 352 341 370 358
Sea_cucumber 0.015405 299 326 363 362
