Sea_cucumber 0.000395 0 0 8 6
Sea_cucumber 0.000458 412 2 416 20
Sea_cucumber 0.000579 320 0 377 18
Sea_cucumber 0.000637 408 0 415 6
Sea_cucumber 0.000847 392 0 416 4
Sea_cucumber 0.000916 374 0 401 4
Sea_cucumber 0.000944 317 62 351 87
Sea_cucumber 0.000962 362 0 381 10
Sea_cucumber 0.001415 65 272 102 299
Sea_cucumber 0.003981 363 0 414 7
Sea_cucumber 0.004685 338 0 375 4
Sea_cucumber 0.005252 369 0 386 5
Sea_cucumber 0.005639 316 47 350 72
Sea_cucumber 0.006626 304 0 377 7
Sea_cucumber 0.455596 345 0 382 7
Sea_cucumber 0.509387 311 189 365 313
Sea_cucumber 0.595106 309 198 357 243
Sea_cucumber 0.699970 337 254 359 313
Sea_cucumber 0.985490 319 33 357 86
Sea_cucumber 0.999124 334 140 373 199
