Sea_cucumber 0.001455 160 0 185 3
Sea_cucumber 0.001713 0 395 10 412
Sea_cucumber 0.001932 58 90 95 105
Sea_cucumber 0.002217 0 343 9 356
Sea_cucumber 0.002814 279 4 287 14
Sea_cucumber 0.003201 0 309 26 327
Sea_cucumber 0.005555 1 320 35 363
Sea_cucumber 0.006559 2 318 23 332
Sea_cucumber 0.008942 262 0 289 11
Sea_cucumber 0.016877 1 66 21 88
Sea_cucumber 0.032678 71 83 96 101
Sea_cucumber 0.034180 84 382 152 415
Sea_cucumber 0.036745 277 1 287 9
Sea_cucumber 0.131929 0 340 35 357
Sea_cucumber 0.322304 256 184 275 243
Sea_cucumber 0.491503 85 387 114 416
Sea_cucumber 0.717187 190 120 204 176
Sea_cucumber 0.729646 0 320 29 341
Sea_cucumber 0.749179 86 352 127 380
Sea_cucumber 0.962273 172 57 218 99
