Sea_cucumber 0.011170 82 1 97 11
Sea_cucumber 0.013621 407 196 415 209
Sea_cucumber 0.014298 77 302 109 327
Sea_cucumber 0.014514 409 167 416 194
Sea_cucumber 0.031024 405 134 415 179
Sea_cucumber 0.032782 399 182 415 207
Sea_cucumber 0.038805 0 93 4 109
Sea_cucumber 0.042161 398 109 415 142
Sea_cucumber 0.047770 78 2 93 17
Sea_cucumber 0.087154 406 182 415 198
Sea_cucumber 0.172229 406 160 415 200
Sea_cucumber 0.195365 398 133 416 201
Sea_cucumber 0.281012 404 189 416 200
Sea_cucumber 0.282245 398 134 416 145
Sea_cucumber 0.367999 52 229 85 278
Sea_cucumber 0.461469 83 297 129 316
Sea_cucumber 0.510755 239 87 290 121
Sea_cucumber 0.531644 52 226 66 263
Sea_cucumber 0.989968 226 252 283 320
Sea_cucumber 0.995126 350 46 384 111
