Sea_cucumber 0.003738 176 254 215 268
Sea_cucumber 0.003838 44 141 63 166
Sea_cucumber 0.004122 9 1 18 12
Sea_cucumber 0.004432 30 111 64 159
Sea_cucumber 0.007242 0 172 4 189
Sea_cucumber 0.007982 49 141 64 156
Sea_cucumber 0.008633 162 0 177 13
Sea_cucumber 0.015153 4 54 68 156
Sea_cucumber 0.019476 14 1 55 23
Sea_cucumber 0.019727 120 0 178 12
Sea_cucumber 0.142972 179 162 192 198
Sea_cucumber 0.360200 45 125 64 156
Sea_cucumber 0.488362 10 0 26 22
Sea_cucumber 0.562561 148 0 177 18
Sea_cucumber 0.915182 120 245 164 263
Sea_cucumber 0.953122 6 58 31 129
Sea_cucumber 0.980523 189 145 224 199
Sea_cucumber 0.986061 299 351 367 414
Sea_cucumber 0.990063 3 203 31 259
Sea_cucumber 0.997924 388 209 415 296
