Sea_cucumber 0.001525 383 287 406 298
Sea_cucumber 0.001528 410 359 415 416
Sea_cucumber 0.001616 411 73 415 141
Sea_cucumber 0.002246 0 408 7 415
Sea_cucumber 0.002899 375 258 412 305
Sea_cucumber 0.003578 114 0 133 4
Sea_cucumber 0.004567 10 396 45 416
Sea_cucumber 0.004909 410 60 416 106
Sea_cucumber 0.005000 271 1 322 41
Sea_cucumber 0.011381 293 4 321 33
Sea_cucumber 0.013566 412 71 416 94
Sea_cucumber 0.019646 410 36 416 82
Sea_cucumber 0.057042 412 59 416 78
Sea_cucumber 0.118891 411 69 415 81
Sea_cucumber 0.252513 377 283 411 302
Sea_cucumber 0.633575 275 216 305 257
Sea_cucumber 0.985179 115 349 165 412
Sea_cucumber 0.994276 171 229 215 293
Sea_cucumber 0.998320 243 316 280 382
Sea_cucumber 0.999039 149 11 175 93
