Sea_cucumber 0.003032 0 71 5 128
Sea_cucumber 0.003239 410 111 415 139
Sea_cucumber 0.003483 408 1 416 38
Sea_cucumber 0.003954 408 0 415 9
Sea_cucumber 0.004504 183 0 226 19
Sea_cucumber 0.004769 389 0 415 24
Sea_cucumber 0.004796 410 143 416 168
Sea_cucumber 0.005423 411 28 416 42
Sea_cucumber 0.005566 408 137 415 189
Sea_cucumber 0.005956 208 0 264 9
Sea_cucumber 0.009286 400 127 416 208
Sea_cucumber 0.013522 197 0 227 12
Sea_cucumber 0.016107 407 88 415 145
Sea_cucumber 0.021634 399 61 415 150
Sea_cucumber 0.039499 406 124 414 144
Sea_cucumber 0.096563 404 128 415 166
Sea_cucumber 0.162902 400 117 415 148
Sea_cucumber 0.648423 26 0 48 57
Sea_cucumber 0.684467 236 98 270 121
Sea_cucumber 0.897905 221 276 263 319
