Sea_cucumber 0.000239 413 7 415 47
Sea_cucumber 0.000269 1 411 7 416
Sea_cucumber 0.000278 383 0 410 5
Sea_cucumber 0.000407 402 0 415 83
Sea_cucumber 0.000466 282 413 318 416
Sea_cucumber 0.000607 304 398 345 415
Sea_cucumber 0.000833 320 412 358 416
Sea_cucumber 0.000862 406 0 416 17
Sea_cucumber 0.001228 324 408 403 415
Sea_cucumber 0.001399 373 0 416 9
Sea_cucumber 0.003593 396 1 415 9
Sea_cucumber 0.004369 398 0 415 23
Sea_cucumber 0.005507 411 6 415 30
Sea_cucumber 0.005699 284 409 331 415
Sea_cucumber 0.006998 408 0 415 40
Sea_cucumber 0.008433 297 412 320 415
Sea_cucumber 0.010189 308 397 410 416
Sea_cucumber 0.025054 308 408 356 415
Sea_cucumber 0.054530 313 410 334 415
Sea_cucumber 0.221500 408 4 415 17
