Sea_cucumber 0.000007 368 0 407 45
Sea_cucumber 0.000007 1 396 4 413
Sea_cucumber 0.000008 101 413 131 415
Sea_cucumber 0.000008 8 413 31 415
Sea_cucumber 0.000011 0 1 3 21
Sea_cucumber 0.000011 150 413 178 415
Sea_cucumber 0.000011 134 413 162 415
Sea_cucumber 0.000012 414 5 416 34
Sea_cucumber 0.000014 73 113 110 135
Sea_cucumber 0.000019 388 413 405 415
Sea_cucumber 0.000022 2 0 22 4
Sea_cucumber 0.000022 413 3 416 21
Sea_cucumber 0.000022 393 0 414 4
Sea_cucumber 0.000027 3 412 21 415
Sea_cucumber 0.000028 395 413 411 415
Sea_cucumber 0.000046 411 410 415 415
Sea_cucumber 0.000066 0 0 7 6
Sea_cucumber 0.000074 409 1 415 7
Sea_cucumber 0.000086 1 410 6 415
Sea_cucumber 0.000151 324 309 356 340
