Sea_cucumber 0.000824 18 139 96 173
Sea_cucumber 0.001038 232 0 257 4
Sea_cucumber 0.001064 219 410 268 416
Sea_cucumber 0.001110 409 386 415 409
Sea_cucumber 0.001213 193 409 248 416
Sea_cucumber 0.001218 395 367 416 416
Sea_cucumber 0.001358 258 269 272 303
Sea_cucumber 0.001443 0 235 4 254
Sea_cucumber 0.002505 365 395 412 416
Sea_cucumber 0.003553 0 246 4 257
Sea_cucumber 0.003774 379 404 414 416
Sea_cucumber 0.004454 259 145 275 171
Sea_cucumber 0.004767 406 404 415 416
Sea_cucumber 0.005069 371 259 388 291
Sea_cucumber 0.005377 405 379 415 415
Sea_cucumber 0.005780 398 405 413 416
Sea_cucumber 0.006123 226 411 245 415
Sea_cucumber 0.020065 20 156 52 172
Sea_cucumber 0.126363 397 394 415 416
Sea_cucumber 0.890697 365 114 411 152
