Sea_cucumber 0.002833 398 170 416 204
Sea_cucumber 0.002844 246 122 274 143
Sea_cucumber 0.003243 244 125 260 156
Sea_cucumber 0.003733 398 117 416 189
Sea_cucumber 0.003957 395 326 413 356
Sea_cucumber 0.004872 290 406 310 416
Sea_cucumber 0.005115 50 407 70 415
Sea_cucumber 0.008409 46 394 74 415
Sea_cucumber 0.008504 407 143 415 186
Sea_cucumber 0.009065 108 214 163 246
Sea_cucumber 0.010654 78 373 109 389
Sea_cucumber 0.026763 241 128 289 175
Sea_cucumber 0.027875 405 171 415 187
Sea_cucumber 0.032092 398 160 415 187
Sea_cucumber 0.084905 263 183 330 223
Sea_cucumber 0.104335 299 325 348 342
Sea_cucumber 0.133711 299 196 328 225
Sea_cucumber 0.674418 119 225 148 242
Sea_cucumber 0.805318 46 231 88 273
Sea_cucumber 0.965752 262 87 311 129
