Sea_cucumber 0.000186 409 1 415 54
Sea_cucumber 0.000208 371 0 416 8
Sea_cucumber 0.000230 394 413 413 416
Sea_cucumber 0.000255 407 0 416 28
Sea_cucumber 0.000260 3 0 37 4
Sea_cucumber 0.000302 1 412 20 416
Sea_cucumber 0.000337 108 410 172 416
Sea_cucumber 0.000353 167 410 225 415
Sea_cucumber 0.000358 411 410 415 415
Sea_cucumber 0.000361 394 0 416 6
Sea_cucumber 0.000406 167 413 192 416
Sea_cucumber 0.000573 411 1 415 21
Sea_cucumber 0.000582 0 0 44 7
Sea_cucumber 0.000612 142 411 170 416
Sea_cucumber 0.000697 138 409 189 415
Sea_cucumber 0.000792 0 0 5 20
Sea_cucumber 0.000930 408 0 415 7
Sea_cucumber 0.001041 1 409 8 415
Sea_cucumber 0.001100 0 0 22 6
Sea_cucumber 0.005852 0 0 7 8
