Sea_cucumber 0.000007 411 2 415 21
Sea_cucumber 0.000007 409 329 413 400
Sea_cucumber 0.000008 76 413 107 415
Sea_cucumber 0.000008 350 412 362 415
Sea_cucumber 0.000009 242 313 416 416
Sea_cucumber 0.000009 325 372 416 398
Sea_cucumber 0.000009 409 355 413 386
Sea_cucumber 0.000011 217 17 279 60
Sea_cucumber 0.000011 332 414 348 415
Sea_cucumber 0.000011 411 348 413 381
Sea_cucumber 0.000012 214 355 279 394
Sea_cucumber 0.000015 370 365 376 375
Sea_cucumber 0.000015 342 413 354 415
Sea_cucumber 0.000018 368 355 377 369
Sea_cucumber 0.000023 271 361 416 415
Sea_cucumber 0.000027 1 411 6 415
Sea_cucumber 0.000028 375 357 385 367
Sea_cucumber 0.000031 0 0 5 6
Sea_cucumber 0.000038 326 295 411 405
Sea_cucumber 0.000042 409 1 415 8
