Sea_cucumber 0.000016 98 88 135 113
Sea_cucumber 0.000018 109 360 125 402
Sea_cucumber 0.000020 66 278 102 305
Sea_cucumber 0.000021 315 321 350 343
Sea_cucumber 0.000022 1 0 22 4
Sea_cucumber 0.000029 1 14 6 74
Sea_cucumber 0.000031 213 331 230 365
Sea_cucumber 0.000037 117 360 132 401
Sea_cucumber 0.000037 1 395 4 414
Sea_cucumber 0.000041 60 165 76 196
Sea_cucumber 0.000042 166 146 182 184
Sea_cucumber 0.000044 9 412 31 415
Sea_cucumber 0.000045 397 413 410 416
Sea_cucumber 0.000059 412 3 415 20
Sea_cucumber 0.000082 99 104 133 127
Sea_cucumber 0.000086 0 0 7 6
Sea_cucumber 0.000094 410 410 415 415
Sea_cucumber 0.000101 4 412 21 415
Sea_cucumber 0.000121 409 1 415 8
Sea_cucumber 0.000267 1 409 6 415
