Sea_cucumber 0.000278 297 0 352 6
Sea_cucumber 0.000279 309 0 339 3
Sea_cucumber 0.000315 0 240 8 280
Sea_cucumber 0.000395 274 0 325 6
Sea_cucumber 0.000541 409 0 416 7
Sea_cucumber 0.000577 283 202 337 262
Sea_cucumber 0.000696 0 265 5 285
Sea_cucumber 0.000994 298 0 319 4
Sea_cucumber 0.001249 231 109 261 158
Sea_cucumber 0.001616 0 266 7 316
Sea_cucumber 0.011024 217 234 255 321
Sea_cucumber 0.034409 230 267 258 317
Sea_cucumber 0.877316 359 30 412 47
Sea_cucumber 0.958929 217 114 300 155
Sea_cucumber 0.978977 148 252 199 295
Sea_cucumber 0.983745 211 219 265 285
Sea_cucumber 0.988178 293 193 318 273
Sea_cucumber 0.996614 107 127 142 190
Sea_cucumber 0.998539 343 41 368 125
Sea_cucumber 0.998987 331 154 384 207
