Sea_cucumber 0.000371 399 301 415 333
Sea_cucumber 0.000423 409 284 415 332
Sea_cucumber 0.000472 413 342 416 369
Sea_cucumber 0.000478 189 398 235 415
Sea_cucumber 0.000723 392 330 416 346
Sea_cucumber 0.000976 194 409 262 415
Sea_cucumber 0.001195 410 336 415 359
Sea_cucumber 0.001777 410 308 415 324
Sea_cucumber 0.002107 406 330 415 365
Sea_cucumber 0.003267 410 312 415 337
Sea_cucumber 0.003333 196 411 226 416
Sea_cucumber 0.003506 175 411 203 416
Sea_cucumber 0.005110 152 109 179 123
Sea_cucumber 0.005118 167 408 207 415
Sea_cucumber 0.007470 406 308 415 341
Sea_cucumber 0.007513 187 408 222 416
Sea_cucumber 0.011639 398 320 415 343
Sea_cucumber 0.027673 189 409 204 416
Sea_cucumber 0.061494 405 333 415 342
Sea_cucumber 0.256028 250 247 306 269
