Sea_cucumber 0.001119 182 411 208 415
Sea_cucumber 0.001286 0 101 6 146
Sea_cucumber 0.001413 118 59 134 109
Sea_cucumber 0.001421 2 411 20 415
Sea_cucumber 0.001443 236 322 246 342
Sea_cucumber 0.002765 373 158 389 186
Sea_cucumber 0.003269 164 409 210 416
Sea_cucumber 0.003728 0 113 4 135
Sea_cucumber 0.004652 354 2 387 23
Sea_cucumber 0.005022 28 285 47 315
Sea_cucumber 0.010687 340 0 382 43
Sea_cucumber 0.012984 302 253 316 281
Sea_cucumber 0.014420 278 192 305 213
Sea_cucumber 0.017591 230 318 245 344
Sea_cucumber 0.030344 124 67 137 118
Sea_cucumber 0.075316 301 232 328 282
Sea_cucumber 0.234777 348 94 375 120
Sea_cucumber 0.257277 352 1 373 37
Sea_cucumber 0.514935 325 134 341 180
Sea_cucumber 0.579022 300 224 331 250
