Sea_cucumber 0.000324 204 69 237 97
Sea_cucumber 0.000352 270 158 286 187
Sea_cucumber 0.000352 162 0 230 6
Sea_cucumber 0.000354 228 87 260 114
Sea_cucumber 0.000356 30 369 59 389
Sea_cucumber 0.000370 150 408 210 415
Sea_cucumber 0.000377 78 0 123 6
Sea_cucumber 0.000405 240 409 296 415
Sea_cucumber 0.000408 261 248 286 270
Sea_cucumber 0.000423 201 0 271 6
Sea_cucumber 0.000473 175 407 232 415
Sea_cucumber 0.000478 0 409 8 415
Sea_cucumber 0.000491 0 216 6 272
Sea_cucumber 0.000511 180 55 213 79
Sea_cucumber 0.000550 238 191 267 206
Sea_cucumber 0.000579 253 203 265 221
Sea_cucumber 0.001738 82 0 101 3
Sea_cucumber 0.007584 187 56 245 96
Sea_cucumber 0.082196 239 195 267 223
Sea_cucumber 0.169124 199 62 261 115
