Sea_cucumber 0.000366 104 0 144 9
Sea_cucumber 0.000379 411 227 416 277
Sea_cucumber 0.000452 232 0 273 7
Sea_cucumber 0.000506 0 66 6 86
Sea_cucumber 0.000507 123 0 143 8
Sea_cucumber 0.000584 44 263 61 288
Sea_cucumber 0.000589 234 0 255 4
Sea_cucumber 0.000661 124 0 157 19
Sea_cucumber 0.000671 19 262 52 286
Sea_cucumber 0.000721 148 101 180 145
Sea_cucumber 0.000737 17 260 43 273
Sea_cucumber 0.000853 212 194 280 234
Sea_cucumber 0.000882 411 244 416 306
Sea_cucumber 0.000886 412 246 416 273
Sea_cucumber 0.001295 338 254 354 281
Sea_cucumber 0.001327 144 104 169 129
Sea_cucumber 0.001478 9 237 66 272
Sea_cucumber 0.002751 143 201 174 220
Sea_cucumber 0.664580 15 251 54 271
Sea_cucumber 0.943539 172 153 205 212
