Sea_cucumber 0.000111 408 375 415 416
Sea_cucumber 0.000118 261 412 288 416
Sea_cucumber 0.000120 20 410 36 416
Sea_cucumber 0.000124 312 407 350 416
Sea_cucumber 0.000132 396 410 414 416
Sea_cucumber 0.000142 212 406 261 415
Sea_cucumber 0.000154 306 411 328 416
Sea_cucumber 0.000177 0 0 7 7
Sea_cucumber 0.000183 410 394 416 415
Sea_cucumber 0.000194 219 397 267 415
Sea_cucumber 0.000196 238 0 252 6
Sea_cucumber 0.000257 232 411 257 415
Sea_cucumber 0.000269 1 410 21 416
Sea_cucumber 0.000340 166 168 195 191
Sea_cucumber 0.000343 409 408 416 416
Sea_cucumber 0.000448 0 409 8 416
Sea_cucumber 0.000530 321 410 343 416
Sea_cucumber 0.000656 236 409 283 416
Sea_cucumber 0.001552 296 10 321 31
Sea_cucumber 0.001658 248 411 271 416
