Sea_cucumber 0.000087 353 0 392 7
Sea_cucumber 0.000091 0 374 53 415
Sea_cucumber 0.000095 345 0 369 4
Sea_cucumber 0.000112 38 410 114 416
Sea_cucumber 0.000130 0 409 7 416
Sea_cucumber 0.000131 2 411 22 415
Sea_cucumber 0.000136 0 0 5 21
Sea_cucumber 0.000141 34 400 50 413
Sea_cucumber 0.000201 36 411 64 416
Sea_cucumber 0.000204 59 0 109 6
Sea_cucumber 0.000205 410 409 415 416
Sea_cucumber 0.000345 0 407 46 415
Sea_cucumber 0.000425 15 410 42 415
Sea_cucumber 0.000560 213 314 282 348
Sea_cucumber 0.000569 358 0 372 4
Sea_cucumber 0.000598 29 407 74 416
Sea_cucumber 0.000699 83 0 103 4
Sea_cucumber 0.000999 0 1 9 8
Sea_cucumber 0.001055 18 397 52 414
Sea_cucumber 0.003872 27 407 48 415
