Sea_cucumber 0.000813 186 0 222 12
Sea_cucumber 0.000884 100 184 106 202
Sea_cucumber 0.000904 1 234 6 301
Sea_cucumber 0.000916 88 0 114 5
Sea_cucumber 0.000993 277 244 286 257
Sea_cucumber 0.001498 96 154 141 204
Sea_cucumber 0.002029 1 304 6 322
Sea_cucumber 0.002145 103 0 127 5
Sea_cucumber 0.002324 0 268 8 316
Sea_cucumber 0.003176 1 286 16 319
Sea_cucumber 0.003364 270 44 285 72
Sea_cucumber 0.003717 117 0 132 4
Sea_cucumber 0.004828 189 1 204 17
Sea_cucumber 0.004885 127 131 170 149
Sea_cucumber 0.005666 91 0 125 9
Sea_cucumber 0.006407 98 170 108 202
Sea_cucumber 0.007801 78 108 140 141
Sea_cucumber 0.466684 99 163 119 200
Sea_cucumber 0.508075 94 114 173 147
Sea_cucumber 0.586101 1 297 11 317
