Sea_cucumber 0.000077 97 1 119 6
Sea_cucumber 0.000077 0 395 5 414
Sea_cucumber 0.000079 410 149 416 211
Sea_cucumber 0.000086 137 412 158 415
Sea_cucumber 0.000107 259 412 293 416
Sea_cucumber 0.000120 383 360 412 382
Sea_cucumber 0.000133 1 411 22 415
Sea_cucumber 0.000137 204 408 252 415
Sea_cucumber 0.000162 245 412 274 416
Sea_cucumber 0.000208 216 411 241 416
Sea_cucumber 0.000263 251 396 301 415
Sea_cucumber 0.000277 293 412 321 416
Sea_cucumber 0.000293 0 409 7 415
Sea_cucumber 0.000305 281 409 334 416
Sea_cucumber 0.000358 227 408 276 416
Sea_cucumber 0.000386 410 183 415 210
Sea_cucumber 0.000397 207 305 235 328
Sea_cucumber 0.000952 231 411 255 416
Sea_cucumber 0.000983 247 408 306 415
Sea_cucumber 0.002302 281 409 305 416
