Sea_cucumber 0.000008 0 1 3 20
Sea_cucumber 0.000009 299 410 365 415
Sea_cucumber 0.000010 277 413 307 415
Sea_cucumber 0.000010 219 413 252 415
Sea_cucumber 0.000011 412 395 416 413
Sea_cucumber 0.000011 1 396 4 412
Sea_cucumber 0.000014 10 413 29 415
Sea_cucumber 0.000015 269 410 331 415
Sea_cucumber 0.000019 309 413 339 415
Sea_cucumber 0.000019 1 0 23 4
Sea_cucumber 0.000022 385 413 407 415
Sea_cucumber 0.000022 36 153 70 176
Sea_cucumber 0.000023 209 413 232 416
Sea_cucumber 0.000025 3 412 21 415
Sea_cucumber 0.000030 294 412 322 415
Sea_cucumber 0.000038 409 1 415 7
Sea_cucumber 0.000051 396 412 412 416
Sea_cucumber 0.000075 1 410 6 415
Sea_cucumber 0.000083 0 0 7 6
Sea_cucumber 0.000109 410 410 415 416
