Sea_cucumber 0.000266 198 1 223 7
Sea_cucumber 0.000284 409 74 415 125
Sea_cucumber 0.000309 393 207 413 233
Sea_cucumber 0.000377 0 169 5 192
Sea_cucumber 0.000422 183 252 211 270
Sea_cucumber 0.000440 407 0 416 7
Sea_cucumber 0.000475 0 160 8 199
Sea_cucumber 0.000612 407 390 416 416
Sea_cucumber 0.000620 373 406 416 416
Sea_cucumber 0.000685 397 52 413 67
Sea_cucumber 0.000848 407 13 415 60
Sea_cucumber 0.000940 407 51 414 68
Sea_cucumber 0.001483 405 49 415 101
Sea_cucumber 0.001689 408 44 415 61
Sea_cucumber 0.001792 397 408 414 415
Sea_cucumber 0.005324 410 406 416 415
Sea_cucumber 0.006854 382 35 415 83
Sea_cucumber 0.016378 395 46 415 125
Sea_cucumber 0.020517 396 32 415 61
Sea_cucumber 0.287147 395 44 416 73
