Sea_cucumber 0.002706 409 408 415 415
Sea_cucumber 0.003368 351 43 364 73
Sea_cucumber 0.004141 245 232 274 255
Sea_cucumber 0.004279 0 0 5 11
Sea_cucumber 0.004777 0 294 8 306
Sea_cucumber 0.005986 0 296 25 320
Sea_cucumber 0.006481 92 282 158 315
Sea_cucumber 0.019913 0 5 4 20
Sea_cucumber 0.020199 293 372 322 394
Sea_cucumber 0.028246 311 203 334 224
Sea_cucumber 0.042697 150 371 194 386
Sea_cucumber 0.268282 291 373 341 406
Sea_cucumber 0.448036 314 204 331 247
Sea_cucumber 0.473835 109 372 185 389
Sea_cucumber 0.585781 359 258 403 297
Sea_cucumber 0.675737 120 282 162 307
Sea_cucumber 0.874256 1 301 32 362
Sea_cucumber 0.888295 215 0 272 39
Sea_cucumber 0.964149 42 141 81 201
Sea_cucumber 0.972716 148 112 176 170
