Sea_cucumber 0.000082 1 411 8 416
Sea_cucumber 0.000085 2 412 21 415
Sea_cucumber 0.000087 165 413 195 416
Sea_cucumber 0.000090 0 0 7 6
Sea_cucumber 0.000090 151 410 209 415
Sea_cucumber 0.000099 274 411 293 415
Sea_cucumber 0.000108 280 411 304 416
Sea_cucumber 0.000111 373 0 416 7
Sea_cucumber 0.000125 408 0 416 20
Sea_cucumber 0.000135 134 408 178 415
Sea_cucumber 0.000157 234 412 253 415
Sea_cucumber 0.000196 398 0 416 26
Sea_cucumber 0.000214 160 411 182 415
Sea_cucumber 0.000234 410 409 415 415
Sea_cucumber 0.000297 409 6 416 47
Sea_cucumber 0.000310 395 0 415 6
Sea_cucumber 0.000555 153 410 174 415
Sea_cucumber 0.000698 411 15 416 37
Sea_cucumber 0.007167 411 0 415 10
Sea_cucumber 0.011333 410 1 416 24
