Sea_cucumber 0.001656 266 24 283 38
Sea_cucumber 0.001869 215 108 244 127
Sea_cucumber 0.001959 75 128 96 165
Sea_cucumber 0.002468 113 307 130 338
Sea_cucumber 0.002490 1 93 18 123
Sea_cucumber 0.003044 288 162 312 182
Sea_cucumber 0.003615 253 23 310 56
Sea_cucumber 0.003964 259 25 294 44
Sea_cucumber 0.005291 397 165 415 195
Sea_cucumber 0.005724 262 275 277 306
Sea_cucumber 0.012482 250 294 266 324
Sea_cucumber 0.015542 247 301 260 326
Sea_cucumber 0.020176 252 276 278 322
Sea_cucumber 0.025116 342 17 385 36
Sea_cucumber 0.033736 98 302 130 333
Sea_cucumber 0.047009 268 271 281 297
Sea_cucumber 0.054280 277 21 309 40
Sea_cucumber 0.127446 82 302 121 327
Sea_cucumber 0.712332 50 123 95 161
Sea_cucumber 0.923294 166 316 223 365
