Sea_cucumber 0.002318 408 0 416 9
Sea_cucumber 0.002368 322 390 359 415
Sea_cucumber 0.002588 0 1 7 9
Sea_cucumber 0.002618 344 390 363 414
Sea_cucumber 0.002925 0 375 7 416
Sea_cucumber 0.003298 407 71 415 114
Sea_cucumber 0.003316 407 128 415 182
Sea_cucumber 0.003672 400 68 416 146
Sea_cucumber 0.004800 408 4 415 50
Sea_cucumber 0.005090 407 92 416 142
Sea_cucumber 0.006641 409 5 416 20
Sea_cucumber 0.012578 400 115 416 184
Sea_cucumber 0.015258 0 371 5 390
Sea_cucumber 0.016893 0 348 6 395
Sea_cucumber 0.027396 297 376 361 411
Sea_cucumber 0.331751 339 381 359 410
Sea_cucumber 0.621418 44 327 77 390
Sea_cucumber 0.626932 403 113 415 151
Sea_cucumber 0.953796 342 192 366 249
Sea_cucumber 0.997237 173 338 213 412
