Sea_cucumber 0.000040 1 413 24 415
Sea_cucumber 0.000043 410 112 415 134
Sea_cucumber 0.000049 126 0 154 3
Sea_cucumber 0.000051 412 1 416 22
Sea_cucumber 0.000055 0 0 7 6
Sea_cucumber 0.000056 134 1 161 4
Sea_cucumber 0.000060 84 0 148 6
Sea_cucumber 0.000064 0 339 60 416
Sea_cucumber 0.000064 172 1 204 20
Sea_cucumber 0.000068 1 412 9 415
Sea_cucumber 0.000070 186 2 221 21
Sea_cucumber 0.000075 81 0 101 4
Sea_cucumber 0.000079 254 278 269 309
Sea_cucumber 0.000080 177 1 199 6
Sea_cucumber 0.000089 156 0 204 9
Sea_cucumber 0.000114 167 202 193 220
Sea_cucumber 0.000128 410 0 416 7
Sea_cucumber 0.000220 187 4 202 18
Sea_cucumber 0.000259 348 298 381 315
Sea_cucumber 0.000290 352 286 390 313
