Sea_cucumber 0.000420 409 337 415 390
Sea_cucumber 0.000424 185 411 205 416
Sea_cucumber 0.000456 1 161 6 215
Sea_cucumber 0.000463 409 409 415 416
Sea_cucumber 0.000476 0 409 8 415
Sea_cucumber 0.000482 412 227 416 243
Sea_cucumber 0.000494 162 10 174 47
Sea_cucumber 0.000592 408 0 416 6
Sea_cucumber 0.000649 410 367 416 393
Sea_cucumber 0.000650 0 194 5 214
Sea_cucumber 0.000819 0 306 6 357
Sea_cucumber 0.001043 0 194 8 229
Sea_cucumber 0.001405 1 296 8 334
Sea_cucumber 0.001942 0 314 5 333
Sea_cucumber 0.002036 0 203 5 222
Sea_cucumber 0.003646 0 213 5 226
Sea_cucumber 0.676867 116 228 168 247
Sea_cucumber 0.696948 151 10 172 45
Sea_cucumber 0.975490 130 143 176 184
Sea_cucumber 0.982700 270 116 353 142
