Sea_cucumber 0.000451 84 397 117 416
Sea_cucumber 0.000558 172 409 236 415
Sea_cucumber 0.000583 410 409 415 415
Sea_cucumber 0.000663 68 0 116 10
Sea_cucumber 0.000770 95 409 119 415
Sea_cucumber 0.000922 407 2 416 19
Sea_cucumber 0.000996 366 0 411 9
Sea_cucumber 0.001039 129 233 148 259
Sea_cucumber 0.001148 94 0 136 22
Sea_cucumber 0.001149 88 405 128 415
Sea_cucumber 0.001303 354 0 407 22
Sea_cucumber 0.002178 138 371 197 409
Sea_cucumber 0.003190 184 196 218 241
Sea_cucumber 0.003204 286 20 341 54
Sea_cucumber 0.004607 389 0 416 21
Sea_cucumber 0.004976 124 357 181 395
Sea_cucumber 0.007556 72 0 113 24
Sea_cucumber 0.007806 287 31 317 54
Sea_cucumber 0.008732 393 0 416 8
Sea_cucumber 0.009794 212 60 292 92
