Sea_cucumber 0.000419 0 113 6 135
Sea_cucumber 0.000438 0 102 4 129
Sea_cucumber 0.000483 349 283 379 299
Sea_cucumber 0.000499 0 11 4 28
Sea_cucumber 0.000595 409 407 416 416
Sea_cucumber 0.000726 1 409 18 415
Sea_cucumber 0.000753 0 337 14 416
Sea_cucumber 0.000760 0 94 7 136
Sea_cucumber 0.000780 0 370 4 407
Sea_cucumber 0.000809 411 376 416 400
Sea_cucumber 0.000851 408 378 415 414
Sea_cucumber 0.001080 167 409 226 415
Sea_cucumber 0.001133 201 410 223 415
Sea_cucumber 0.001303 0 341 5 403
Sea_cucumber 0.001964 348 327 364 352
Sea_cucumber 0.003446 0 406 8 415
Sea_cucumber 0.003939 0 392 17 415
Sea_cucumber 0.015061 140 316 175 345
Sea_cucumber 0.017784 0 363 8 413
Sea_cucumber 0.027478 0 394 8 413
