Sea_cucumber 0.002688 148 405 161 415
Sea_cucumber 0.002711 133 407 149 415
Sea_cucumber 0.002863 0 314 9 330
Sea_cucumber 0.002875 116 0 146 4
Sea_cucumber 0.005004 230 332 264 389
Sea_cucumber 0.005453 232 121 259 175
Sea_cucumber 0.006510 143 404 155 414
Sea_cucumber 0.006922 75 0 126 6
Sea_cucumber 0.007267 139 395 226 414
Sea_cucumber 0.008708 90 0 111 4
Sea_cucumber 0.015451 230 364 260 390
Sea_cucumber 0.020829 113 394 153 416
Sea_cucumber 0.021385 112 0 183 9
Sea_cucumber 0.078902 225 99 250 172
Sea_cucumber 0.096502 100 0 146 7
Sea_cucumber 0.117350 146 395 181 416
Sea_cucumber 0.175160 104 0 126 5
Sea_cucumber 0.222242 141 394 156 415
Sea_cucumber 0.652191 229 92 259 138
Sea_cucumber 0.995278 0 366 52 413
