Sea_cucumber 0.000281 412 394 416 414
Sea_cucumber 0.000306 81 0 136 6
Sea_cucumber 0.000320 228 112 244 137
Sea_cucumber 0.000327 232 412 257 416
Sea_cucumber 0.000332 283 124 340 156
Sea_cucumber 0.000335 410 185 414 207
Sea_cucumber 0.000360 0 30 3 57
Sea_cucumber 0.000421 410 409 415 415
Sea_cucumber 0.000466 412 374 416 401
Sea_cucumber 0.000471 0 0 6 8
Sea_cucumber 0.000555 408 0 416 6
Sea_cucumber 0.000601 290 139 299 151
Sea_cucumber 0.000621 109 0 156 6
Sea_cucumber 0.000648 1 410 7 415
Sea_cucumber 0.000834 0 2 4 23
Sea_cucumber 0.000934 409 375 415 416
Sea_cucumber 0.001022 0 18 6 70
Sea_cucumber 0.001035 0 50 3 70
Sea_cucumber 0.001511 114 0 134 4
Sea_cucumber 0.821689 292 135 322 150
