Sea_cucumber 0.000512 410 409 415 415
Sea_cucumber 0.000574 204 409 253 415
Sea_cucumber 0.000613 170 147 268 183
Sea_cucumber 0.000662 64 410 88 415
Sea_cucumber 0.000760 177 0 197 4
Sea_cucumber 0.000813 0 136 5 161
Sea_cucumber 0.000881 209 0 263 7
Sea_cucumber 0.000959 173 0 220 8
Sea_cucumber 0.001213 201 0 223 6
Sea_cucumber 0.001335 1 410 8 415
Sea_cucumber 0.001415 150 185 222 214
Sea_cucumber 0.001429 198 0 272 51
Sea_cucumber 0.001454 209 411 230 415
Sea_cucumber 0.001712 0 147 7 196
Sea_cucumber 0.003049 0 138 8 173
Sea_cucumber 0.003754 131 143 164 195
Sea_cucumber 0.007090 0 148 7 165
Sea_cucumber 0.195946 131 151 144 194
Sea_cucumber 0.467689 214 135 258 176
Sea_cucumber 0.951188 251 0 278 50
