Sea_cucumber 0.000517 106 407 158 415
Sea_cucumber 0.000547 123 399 208 416
Sea_cucumber 0.000551 0 410 9 415
Sea_cucumber 0.000556 145 412 183 416
Sea_cucumber 0.000572 397 408 414 416
Sea_cucumber 0.000621 302 411 329 416
Sea_cucumber 0.000733 407 406 415 416
Sea_cucumber 0.000900 179 412 211 416
Sea_cucumber 0.000910 382 16 412 38
Sea_cucumber 0.001141 284 398 316 415
Sea_cucumber 0.001145 206 351 221 375
Sea_cucumber 0.001567 291 407 340 415
Sea_cucumber 0.001798 34 85 67 113
Sea_cucumber 0.002206 134 408 160 415
Sea_cucumber 0.002457 161 410 214 416
Sea_cucumber 0.002479 370 229 405 255
Sea_cucumber 0.002963 289 407 311 415
Sea_cucumber 0.004843 131 397 162 415
Sea_cucumber 0.009431 166 411 194 415
Sea_cucumber 0.014347 133 408 196 415
