Sea_cucumber 0.000332 382 413 412 416
Sea_cucumber 0.000357 328 399 367 415
Sea_cucumber 0.000364 411 357 415 372
Sea_cucumber 0.000397 342 410 367 415
Sea_cucumber 0.000400 408 3 416 19
Sea_cucumber 0.000454 162 413 196 416
Sea_cucumber 0.000481 3 411 21 416
Sea_cucumber 0.000530 368 410 416 416
Sea_cucumber 0.000653 34 239 71 260
Sea_cucumber 0.000694 0 409 7 416
Sea_cucumber 0.000789 408 0 416 9
Sea_cucumber 0.001045 153 410 207 416
Sea_cucumber 0.001331 312 408 368 415
Sea_cucumber 0.001332 56 228 95 246
Sea_cucumber 0.001405 407 410 415 415
Sea_cucumber 0.001652 153 412 175 416
Sea_cucumber 0.001744 300 181 333 198
Sea_cucumber 0.002209 393 411 416 415
Sea_cucumber 0.238590 35 227 99 257
Sea_cucumber 0.888645 359 361 416 378
