Sea_cucumber 0.005699 1 237 10 281
Sea_cucumber 0.005739 262 80 286 117
Sea_cucumber 0.006034 1 205 8 251
Sea_cucumber 0.006518 400 227 416 305
Sea_cucumber 0.008247 0 204 5 221
Sea_cucumber 0.010469 1 237 10 252
Sea_cucumber 0.010608 1 129 37 150
Sea_cucumber 0.011158 1 322 25 399
Sea_cucumber 0.015581 407 274 415 296
Sea_cucumber 0.017680 407 299 415 318
Sea_cucumber 0.019490 0 232 17 257
Sea_cucumber 0.035470 405 255 415 298
Sea_cucumber 0.041038 404 289 416 326
Sea_cucumber 0.061469 204 136 229 193
Sea_cucumber 0.101826 234 70 288 115
Sea_cucumber 0.125912 6 365 29 399
Sea_cucumber 0.190562 252 153 285 179
Sea_cucumber 0.259668 404 275 416 308
Sea_cucumber 0.294681 189 269 234 296
Sea_cucumber 0.975720 129 223 171 285
