Sea_cucumber 0.001736 0 395 40 415
Sea_cucumber 0.001877 0 407 43 415
Sea_cucumber 0.002115 270 411 298 416
Sea_cucumber 0.002243 41 117 58 150
Sea_cucumber 0.002688 82 206 101 235
Sea_cucumber 0.003011 69 218 86 248
Sea_cucumber 0.003435 0 397 7 413
Sea_cucumber 0.003481 5 135 34 164
Sea_cucumber 0.003758 4 140 50 186
Sea_cucumber 0.004018 272 408 311 416
Sea_cucumber 0.005804 0 409 21 415
Sea_cucumber 0.008085 285 409 330 415
Sea_cucumber 0.011187 0 408 9 415
Sea_cucumber 0.047123 291 410 308 415
Sea_cucumber 0.138834 21 125 55 170
Sea_cucumber 0.209282 34 124 52 153
Sea_cucumber 0.296323 69 211 98 241
Sea_cucumber 0.909532 2 83 58 116
Sea_cucumber 0.979967 336 31 392 81
Sea_cucumber 0.995052 342 342 412 385
