Sea_cucumber 0.000105 0 0 5 62
Sea_cucumber 0.000111 10 413 30 415
Sea_cucumber 0.000134 129 411 200 416
Sea_cucumber 0.000138 412 396 415 414
Sea_cucumber 0.000149 0 36 6 99
Sea_cucumber 0.000159 2 412 21 415
Sea_cucumber 0.000178 0 0 7 6
Sea_cucumber 0.000212 189 413 233 416
Sea_cucumber 0.000266 202 410 286 415
Sea_cucumber 0.000274 409 1 415 9
Sea_cucumber 0.000293 412 4 415 20
Sea_cucumber 0.000318 1 410 7 415
Sea_cucumber 0.000331 395 412 414 416
Sea_cucumber 0.000484 156 413 188 416
Sea_cucumber 0.001091 410 408 415 415
Sea_cucumber 0.001191 176 399 286 416
Sea_cucumber 0.003057 167 412 193 415
Sea_cucumber 0.003109 163 410 213 416
Sea_cucumber 0.007070 180 411 210 415
Sea_cucumber 0.010749 173 409 251 415
