Sea_cucumber 0.000197 268 332 331 368
Sea_cucumber 0.000203 0 365 19 395
Sea_cucumber 0.000208 297 351 332 372
Sea_cucumber 0.000211 0 358 4 385
Sea_cucumber 0.000266 0 410 21 415
Sea_cucumber 0.000347 1 383 24 409
Sea_cucumber 0.000354 410 408 416 415
Sea_cucumber 0.000361 0 0 8 7
Sea_cucumber 0.000402 0 408 9 416
Sea_cucumber 0.000415 0 369 5 392
Sea_cucumber 0.000449 1 394 6 414
Sea_cucumber 0.000529 0 361 8 399
Sea_cucumber 0.000650 274 346 379 372
Sea_cucumber 0.000733 399 87 415 156
Sea_cucumber 0.000757 411 109 415 141
Sea_cucumber 0.001404 409 86 415 147
Sea_cucumber 0.001769 0 379 10 413
Sea_cucumber 0.002033 0 381 7 396
Sea_cucumber 0.006185 406 114 415 150
Sea_cucumber 0.542895 281 346 322 370
