Sea_cucumber 0.001347 0 134 10 176
Sea_cucumber 0.001381 9 144 44 164
Sea_cucumber 0.001651 0 101 7 147
Sea_cucumber 0.001796 141 94 159 119
Sea_cucumber 0.002348 156 2 167 22
Sea_cucumber 0.002879 22 273 50 291
Sea_cucumber 0.002982 0 123 23 176
Sea_cucumber 0.005397 242 270 259 300
Sea_cucumber 0.010607 168 233 192 255
Sea_cucumber 0.013673 168 204 194 254
Sea_cucumber 0.014741 112 97 161 134
Sea_cucumber 0.015142 0 124 5 143
Sea_cucumber 0.015397 0 122 11 156
Sea_cucumber 0.016191 25 239 58 290
Sea_cucumber 0.038839 149 0 165 25
Sea_cucumber 0.311554 0 125 41 155
Sea_cucumber 0.402116 239 272 282 312
Sea_cucumber 0.566383 32 371 91 394
Sea_cucumber 0.748871 139 379 190 414
Sea_cucumber 0.885198 158 133 205 174
