Sea_cucumber 0.000094 348 0 379 4
Sea_cucumber 0.000101 118 411 147 415
Sea_cucumber 0.000140 3 411 21 415
Sea_cucumber 0.000160 0 410 8 416
Sea_cucumber 0.000174 108 407 155 415
Sea_cucumber 0.000176 296 413 321 416
Sea_cucumber 0.000201 412 1 416 21
Sea_cucumber 0.000215 339 0 374 20
Sea_cucumber 0.000254 373 0 416 7
Sea_cucumber 0.000277 276 162 308 180
Sea_cucumber 0.000305 318 0 361 8
Sea_cucumber 0.000307 342 1 353 17
Sea_cucumber 0.000401 342 0 368 5
Sea_cucumber 0.000444 130 409 151 415
Sea_cucumber 0.000450 330 0 352 6
Sea_cucumber 0.000476 394 0 414 5
Sea_cucumber 0.000545 340 0 405 7
Sea_cucumber 0.000555 277 163 291 178
Sea_cucumber 0.000890 408 0 416 7
Sea_cucumber 0.001912 340 1 355 7
