Sea_cucumber 0.003375 410 397 415 413
Sea_cucumber 0.003448 122 1 143 7
Sea_cucumber 0.003727 410 9 415 62
Sea_cucumber 0.003784 22 39 50 62
Sea_cucumber 0.004205 0 313 6 367
Sea_cucumber 0.004235 409 407 415 415
Sea_cucumber 0.004899 27 21 77 59
Sea_cucumber 0.005183 410 325 415 336
Sea_cucumber 0.005942 0 339 6 387
Sea_cucumber 0.009813 44 411 62 415
Sea_cucumber 0.013309 109 1 154 21
Sea_cucumber 0.014786 365 166 380 191
Sea_cucumber 0.020363 0 346 5 364
Sea_cucumber 0.033160 374 295 390 322
Sea_cucumber 0.045966 131 1 161 17
Sea_cucumber 0.103378 383 169 411 191
Sea_cucumber 0.502940 96 3 133 31
Sea_cucumber 0.597390 241 224 282 236
Sea_cucumber 0.602865 378 297 416 330
Sea_cucumber 0.689297 342 388 385 415
