Sea_cucumber 0.000094 291 0 325 9
Sea_cucumber 0.000095 1 383 20 411
Sea_cucumber 0.000117 2 409 20 415
Sea_cucumber 0.000121 0 47 5 103
Sea_cucumber 0.000135 292 8 308 28
Sea_cucumber 0.000146 3 398 19 411
Sea_cucumber 0.000193 227 290 278 331
Sea_cucumber 0.000195 375 407 416 415
Sea_cucumber 0.000229 0 51 4 70
Sea_cucumber 0.000235 317 0 327 20
Sea_cucumber 0.000272 316 0 329 7
Sea_cucumber 0.000288 0 406 8 415
Sea_cucumber 0.000312 1 398 8 412
Sea_cucumber 0.000454 385 410 409 416
Sea_cucumber 0.000456 412 171 416 186
Sea_cucumber 0.000509 308 0 324 6
Sea_cucumber 0.001081 406 408 415 416
Sea_cucumber 0.002262 293 1 324 25
Sea_cucumber 0.002629 396 409 412 416
Sea_cucumber 0.654892 251 293 279 324
