Sea_cucumber 0.000560 1 184 19 209
Sea_cucumber 0.000567 0 226 7 245
Sea_cucumber 0.000571 409 408 416 416
Sea_cucumber 0.000640 0 210 19 279
Sea_cucumber 0.000691 0 219 8 236
Sea_cucumber 0.000707 331 407 379 416
Sea_cucumber 0.000840 0 216 11 254
Sea_cucumber 0.001048 0 187 11 219
Sea_cucumber 0.001108 0 187 7 205
Sea_cucumber 0.001315 58 0 109 8
Sea_cucumber 0.001328 0 196 8 212
Sea_cucumber 0.001403 0 0 8 5
Sea_cucumber 0.002499 0 206 12 220
Sea_cucumber 0.002676 25 0 64 7
Sea_cucumber 0.002677 337 408 359 416
Sea_cucumber 0.002927 91 0 109 6
Sea_cucumber 0.005039 43 0 63 5
Sea_cucumber 0.008637 0 176 25 229
Sea_cucumber 0.050407 324 399 357 414
Sea_cucumber 0.514691 0 206 20 231
