Sea_cucumber 0.000137 0 51 7 102
Sea_cucumber 0.000150 0 0 7 7
Sea_cucumber 0.000159 399 280 415 348
Sea_cucumber 0.000160 42 146 79 165
Sea_cucumber 0.000197 412 1 416 23
Sea_cucumber 0.000197 275 283 310 300
Sea_cucumber 0.000227 412 218 416 239
Sea_cucumber 0.000227 0 91 4 123
Sea_cucumber 0.000258 0 90 7 140
Sea_cucumber 0.000270 409 330 415 349
Sea_cucumber 0.000318 409 0 416 7
Sea_cucumber 0.000329 35 409 55 416
Sea_cucumber 0.000352 1 80 53 124
Sea_cucumber 0.000360 410 282 416 302
Sea_cucumber 0.000373 47 411 73 415
Sea_cucumber 0.000422 409 281 416 333
Sea_cucumber 0.000664 380 227 413 248
Sea_cucumber 0.000903 0 79 19 106
Sea_cucumber 0.001473 1 80 6 104
Sea_cucumber 0.001610 0 73 9 111
