Sea_cucumber 0.000152 248 233 312 268
Sea_cucumber 0.000156 410 280 415 336
Sea_cucumber 0.000162 60 413 91 416
Sea_cucumber 0.000170 413 238 416 265
Sea_cucumber 0.000182 383 413 409 416
Sea_cucumber 0.000191 369 410 416 416
Sea_cucumber 0.000223 394 0 416 5
Sea_cucumber 0.000225 305 413 343 416
Sea_cucumber 0.000233 55 409 113 415
Sea_cucumber 0.000260 411 395 416 414
Sea_cucumber 0.000286 412 1 416 22
Sea_cucumber 0.000301 1 410 8 416
Sea_cucumber 0.000322 0 0 8 6
Sea_cucumber 0.000458 318 410 377 415
Sea_cucumber 0.000506 393 412 415 416
Sea_cucumber 0.000511 316 20 346 68
Sea_cucumber 0.000684 410 1 415 8
Sea_cucumber 0.000698 295 410 353 415
Sea_cucumber 0.000723 326 413 353 416
Sea_cucumber 0.001005 410 409 415 415
