Sea_cucumber 0.000447 0 57 52 94
Sea_cucumber 0.000453 1 410 21 415
Sea_cucumber 0.000478 0 395 6 414
Sea_cucumber 0.000489 204 372 235 387
Sea_cucumber 0.000520 408 0 415 42
Sea_cucumber 0.000524 398 392 415 416
Sea_cucumber 0.000632 397 409 413 416
Sea_cucumber 0.000846 394 0 416 6
Sea_cucumber 0.000872 410 1 416 22
Sea_cucumber 0.001062 1 70 35 94
Sea_cucumber 0.001111 409 406 415 416
Sea_cucumber 0.001159 410 393 415 415
Sea_cucumber 0.001223 0 54 7 68
Sea_cucumber 0.001377 0 75 19 106
Sea_cucumber 0.001496 0 408 7 415
Sea_cucumber 0.001510 0 49 21 98
Sea_cucumber 0.001660 0 60 7 75
Sea_cucumber 0.002087 407 0 416 7
Sea_cucumber 0.012233 0 75 12 89
Sea_cucumber 0.062026 0 66 19 88
