Sea_cucumber 0.001230 365 119 375 160
Sea_cucumber 0.001257 1 241 11 291
Sea_cucumber 0.001499 371 293 389 322
Sea_cucumber 0.001716 198 411 224 416
Sea_cucumber 0.001751 0 335 26 359
Sea_cucumber 0.002280 381 55 414 82
Sea_cucumber 0.002360 253 355 270 391
Sea_cucumber 0.002364 409 186 415 237
Sea_cucumber 0.002700 105 232 143 257
Sea_cucumber 0.003508 395 59 416 93
Sea_cucumber 0.003680 0 329 9 366
Sea_cucumber 0.003876 65 355 90 416
Sea_cucumber 0.005598 1 215 11 259
Sea_cucumber 0.006449 0 333 7 350
Sea_cucumber 0.006565 0 173 17 265
Sea_cucumber 0.012732 66 336 83 362
Sea_cucumber 0.013494 237 213 270 238
Sea_cucumber 0.291798 65 337 89 388
Sea_cucumber 0.464981 348 31 380 76
Sea_cucumber 0.504242 0 233 18 271
