Sea_cucumber 0.001497 200 229 266 258
Sea_cucumber 0.002055 219 228 256 250
Sea_cucumber 0.002216 237 235 251 250
Sea_cucumber 0.002710 264 15 302 41
Sea_cucumber 0.002783 380 393 394 416
Sea_cucumber 0.002933 355 79 397 121
Sea_cucumber 0.003450 250 235 264 251
Sea_cucumber 0.003732 252 10 272 41
Sea_cucumber 0.003965 394 409 414 416
Sea_cucumber 0.005282 236 8 269 32
Sea_cucumber 0.006597 173 231 204 285
Sea_cucumber 0.019512 378 395 415 416
Sea_cucumber 0.101410 330 134 364 158
Sea_cucumber 0.187618 189 227 204 275
Sea_cucumber 0.335787 239 7 294 43
Sea_cucumber 0.541832 235 232 265 253
Sea_cucumber 0.705534 0 293 46 318
Sea_cucumber 0.743779 361 83 380 117
Sea_cucumber 0.922549 258 361 291 389
Sea_cucumber 0.928943 354 394 391 414
