Sea_cucumber 0.000031 1 0 22 4
Sea_cucumber 0.000031 1 324 4 356
Sea_cucumber 0.000031 207 0 281 6
Sea_cucumber 0.000040 1 331 5 396
Sea_cucumber 0.000050 172 412 204 415
Sea_cucumber 0.000058 409 1 415 7
Sea_cucumber 0.000059 1 411 6 415
Sea_cucumber 0.000075 1 314 6 366
Sea_cucumber 0.000083 0 0 7 6
Sea_cucumber 0.000087 220 0 251 3
Sea_cucumber 0.000116 1 342 4 367
Sea_cucumber 0.000118 395 412 412 416
Sea_cucumber 0.000122 149 409 194 416
Sea_cucumber 0.000122 180 0 243 5
Sea_cucumber 0.000157 119 410 177 415
Sea_cucumber 0.000257 1 339 6 358
Sea_cucumber 0.000292 411 410 415 415
Sea_cucumber 0.000384 158 412 185 416
Sea_cucumber 0.000455 208 0 233 3
Sea_cucumber 0.000738 145 412 168 416
