Sea_cucumber 0.001714 147 78 165 91
Sea_cucumber 0.001799 355 83 376 114
Sea_cucumber 0.001870 212 260 243 279
Sea_cucumber 0.002014 126 72 186 105
Sea_cucumber 0.002610 0 408 11 416
Sea_cucumber 0.002640 141 76 172 95
Sea_cucumber 0.003252 66 190 105 218
Sea_cucumber 0.003555 334 178 364 226
Sea_cucumber 0.003741 179 81 192 103
Sea_cucumber 0.006186 121 329 140 353
Sea_cucumber 0.006424 11 407 45 416
Sea_cucumber 0.007495 165 33 198 54
Sea_cucumber 0.027491 5 408 21 416
Sea_cucumber 0.029078 134 98 149 129
Sea_cucumber 0.051065 13 407 27 416
Sea_cucumber 0.051659 356 180 367 227
Sea_cucumber 0.109392 186 33 203 54
Sea_cucumber 0.118423 152 79 190 101
Sea_cucumber 0.216535 111 331 139 381
Sea_cucumber 0.643255 84 195 115 224
