Sea_cucumber 0.000128 75 409 124 416
Sea_cucumber 0.000137 102 412 128 416
Sea_cucumber 0.000148 0 217 5 240
Sea_cucumber 0.000149 64 412 90 416
Sea_cucumber 0.000163 0 398 7 413
Sea_cucumber 0.000232 340 299 370 321
Sea_cucumber 0.000234 409 377 416 416
Sea_cucumber 0.000239 384 411 407 415
Sea_cucumber 0.000254 374 407 416 415
Sea_cucumber 0.000283 380 395 414 415
Sea_cucumber 0.000321 0 0 6 8
Sea_cucumber 0.000362 302 18 332 36
Sea_cucumber 0.000393 0 5 5 19
Sea_cucumber 0.000572 411 397 416 413
Sea_cucumber 0.000622 1 410 19 415
Sea_cucumber 0.000641 75 411 94 415
Sea_cucumber 0.000671 395 410 414 416
Sea_cucumber 0.000860 181 163 200 197
Sea_cucumber 0.001510 0 409 10 415
Sea_cucumber 0.001555 410 407 416 415
