Sea_cucumber 0.000046 410 0 415 8
Sea_cucumber 0.000054 386 413 406 415
Sea_cucumber 0.000054 1 412 22 415
Sea_cucumber 0.000064 412 263 416 291
Sea_cucumber 0.000065 413 363 416 397
Sea_cucumber 0.000070 0 242 3 262
Sea_cucumber 0.000078 229 0 260 4
Sea_cucumber 0.000080 395 412 413 415
Sea_cucumber 0.000115 221 0 266 7
Sea_cucumber 0.000120 241 0 296 8
Sea_cucumber 0.000147 409 13 415 58
Sea_cucumber 0.000171 0 409 7 415
Sea_cucumber 0.000175 410 375 416 416
Sea_cucumber 0.000185 412 9 415 32
Sea_cucumber 0.000192 412 20 415 49
Sea_cucumber 0.000250 411 409 415 415
Sea_cucumber 0.000308 242 0 262 6
Sea_cucumber 0.000330 409 278 415 289
Sea_cucumber 0.000495 413 384 416 407
Sea_cucumber 0.000975 410 20 415 36
