Sea_cucumber 0.000015 398 308 416 382
Sea_cucumber 0.000017 27 126 85 169
Sea_cucumber 0.000017 408 262 415 305
Sea_cucumber 0.000018 369 0 416 6
Sea_cucumber 0.000018 412 0 416 22
Sea_cucumber 0.000018 307 80 340 104
Sea_cucumber 0.000023 367 257 416 305
Sea_cucumber 0.000024 45 128 74 152
Sea_cucumber 0.000024 159 223 187 246
Sea_cucumber 0.000026 411 410 415 416
Sea_cucumber 0.000029 394 251 416 311
Sea_cucumber 0.000030 295 68 359 110
Sea_cucumber 0.000031 399 276 416 350
Sea_cucumber 0.000039 365 333 413 384
Sea_cucumber 0.000042 392 0 416 5
Sea_cucumber 0.000042 4 412 21 415
Sea_cucumber 0.000051 0 0 6 6
Sea_cucumber 0.000067 1 410 7 415
Sea_cucumber 0.000102 409 0 415 7
Sea_cucumber 0.000160 384 265 412 288
