Sea_cucumber 0.006814 374 2 416 17
Sea_cucumber 0.006878 106 151 143 165
Sea_cucumber 0.008145 409 116 415 162
Sea_cucumber 0.009244 1 209 28 234
Sea_cucumber 0.013345 410 86 416 131
Sea_cucumber 0.016475 30 407 43 416
Sea_cucumber 0.019575 411 120 416 142
Sea_cucumber 0.021049 9 234 29 271
Sea_cucumber 0.024711 411 105 416 128
Sea_cucumber 0.024922 408 1 415 10
Sea_cucumber 0.028348 408 6 415 15
Sea_cucumber 0.057751 233 291 266 321
Sea_cucumber 0.076172 410 117 415 131
Sea_cucumber 0.081435 3 211 32 257
Sea_cucumber 0.168555 171 285 201 315
Sea_cucumber 0.212227 210 292 262 334
Sea_cucumber 0.496745 166 368 215 395
Sea_cucumber 0.533402 231 0 259 28
Sea_cucumber 0.653222 223 187 262 215
Sea_cucumber 0.954103 108 150 165 192
