Sea_cucumber 0.000009 6 0 39 45
Sea_cucumber 0.000010 159 410 233 415
Sea_cucumber 0.000010 128 413 152 415
Sea_cucumber 0.000011 3 0 22 43
Sea_cucumber 0.000011 411 348 413 381
Sea_cucumber 0.000012 332 413 348 415
Sea_cucumber 0.000013 269 412 283 415
Sea_cucumber 0.000015 370 365 376 375
Sea_cucumber 0.000015 342 412 354 415
Sea_cucumber 0.000016 261 410 275 414
Sea_cucumber 0.000017 0 0 27 111
Sea_cucumber 0.000018 368 355 377 369
Sea_cucumber 0.000022 272 360 416 416
Sea_cucumber 0.000023 3 412 22 415
Sea_cucumber 0.000026 374 357 385 367
Sea_cucumber 0.000035 326 295 411 405
Sea_cucumber 0.000040 0 0 10 5
Sea_cucumber 0.000043 409 1 415 8
Sea_cucumber 0.000061 1 410 6 415
Sea_cucumber 0.000094 0 0 59 33
