Sea_cucumber 0.001287 173 411 203 416
Sea_cucumber 0.001702 362 0 414 7
Sea_cucumber 0.001966 13 137 28 161
Sea_cucumber 0.002013 0 311 6 351
Sea_cucumber 0.002063 1 59 10 77
Sea_cucumber 0.002142 368 0 390 5
Sea_cucumber 0.002214 333 0 379 7
Sea_cucumber 0.002630 175 408 217 415
Sea_cucumber 0.004618 192 410 215 415
Sea_cucumber 0.005025 0 314 4 334
Sea_cucumber 0.005276 0 12 8 27
Sea_cucumber 0.005577 15 148 27 160
Sea_cucumber 0.006080 36 0 52 4
Sea_cucumber 0.007892 362 0 381 6
Sea_cucumber 0.377983 148 298 176 337
Sea_cucumber 0.607896 157 100 217 121
Sea_cucumber 0.690338 175 181 206 212
Sea_cucumber 0.920525 229 173 274 191
Sea_cucumber 0.981354 7 153 49 176
Sea_cucumber 0.990664 183 190 221 243
