Sea_cucumber 0.000177 410 60 415 108
Sea_cucumber 0.000186 0 0 6 6
Sea_cucumber 0.000233 0 410 8 416
Sea_cucumber 0.000242 412 1 416 22
Sea_cucumber 0.000259 150 413 177 416
Sea_cucumber 0.000269 412 65 416 87
Sea_cucumber 0.000279 409 0 416 7
Sea_cucumber 0.000286 255 413 282 415
Sea_cucumber 0.000412 307 308 416 373
Sea_cucumber 0.000491 16 187 42 207
Sea_cucumber 0.000514 195 363 209 374
Sea_cucumber 0.000612 2 412 22 416
Sea_cucumber 0.001685 20 195 35 207
Sea_cucumber 0.002010 2 282 22 306
Sea_cucumber 0.882085 269 35 335 63
Sea_cucumber 0.948437 186 356 210 374
Sea_cucumber 0.977055 273 207 331 244
Sea_cucumber 0.981480 113 116 157 138
Sea_cucumber 0.994894 9 354 46 411
Sea_cucumber 0.999271 296 286 325 359
