Sea_cucumber 0.003021 325 1 338 10
Sea_cucumber 0.003054 32 146 61 168
Sea_cucumber 0.003655 260 176 266 197
Sea_cucumber 0.003912 315 198 331 226
Sea_cucumber 0.005049 191 12 219 61
Sea_cucumber 0.006112 0 177 18 200
Sea_cucumber 0.006822 123 161 156 180
Sea_cucumber 0.006965 239 167 266 191
Sea_cucumber 0.007042 175 151 183 175
Sea_cucumber 0.009705 253 155 268 191
Sea_cucumber 0.009886 243 153 260 178
Sea_cucumber 0.012178 0 236 9 269
Sea_cucumber 0.012211 250 159 275 207
Sea_cucumber 0.017970 49 162 64 200
Sea_cucumber 0.021464 286 225 330 248
Sea_cucumber 0.022220 0 182 10 195
Sea_cucumber 0.032083 261 162 270 199
Sea_cucumber 0.725310 38 147 66 195
Sea_cucumber 0.732327 194 3 243 58
Sea_cucumber 0.845157 174 151 184 206
