Sea_cucumber 0.000289 394 410 415 416
Sea_cucumber 0.000310 0 34 4 69
Sea_cucumber 0.000311 0 373 7 416
Sea_cucumber 0.000351 0 332 17 364
Sea_cucumber 0.000351 0 338 16 414
Sea_cucumber 0.000356 378 410 397 415
Sea_cucumber 0.000399 410 407 416 416
Sea_cucumber 0.000425 0 397 6 414
Sea_cucumber 0.000456 167 0 193 4
Sea_cucumber 0.000473 0 24 6 50
Sea_cucumber 0.000491 396 380 414 413
Sea_cucumber 0.000574 0 344 7 399
Sea_cucumber 0.000606 1 289 16 366
Sea_cucumber 0.000637 1 316 9 364
Sea_cucumber 0.001039 1 410 20 415
Sea_cucumber 0.001124 316 107 335 143
Sea_cucumber 0.001205 1 346 9 365
Sea_cucumber 0.001330 148 373 164 401
Sea_cucumber 0.001680 0 26 6 76
Sea_cucumber 0.002485 0 408 8 415
