Sea_cucumber 0.000649 408 396 414 414
Sea_cucumber 0.000757 344 91 370 108
Sea_cucumber 0.000877 175 410 198 416
Sea_cucumber 0.000910 372 404 407 416
Sea_cucumber 0.001001 0 410 8 415
Sea_cucumber 0.001017 145 410 168 416
Sea_cucumber 0.001030 307 410 323 415
Sea_cucumber 0.001033 163 397 195 416
Sea_cucumber 0.001135 346 410 367 415
Sea_cucumber 0.001141 407 407 415 416
Sea_cucumber 0.001167 399 398 411 413
Sea_cucumber 0.001686 386 409 408 416
Sea_cucumber 0.001691 133 407 180 416
Sea_cucumber 0.001861 167 406 208 416
Sea_cucumber 0.002702 149 398 179 416
Sea_cucumber 0.004886 397 407 412 415
Sea_cucumber 0.008481 170 407 186 416
Sea_cucumber 0.027633 164 406 180 416
Sea_cucumber 0.035450 378 392 410 414
Sea_cucumber 0.670507 176 36 198 71
