Sea_cucumber 0.000243 0 408 8 416
Sea_cucumber 0.000307 412 274 416 293
Sea_cucumber 0.000317 410 409 416 416
Sea_cucumber 0.000325 33 411 55 415
Sea_cucumber 0.000369 410 372 415 388
Sea_cucumber 0.000391 393 373 415 386
Sea_cucumber 0.000426 0 386 6 406
Sea_cucumber 0.000435 392 411 415 416
Sea_cucumber 0.000470 164 1 182 9
Sea_cucumber 0.000485 367 409 390 415
Sea_cucumber 0.000491 149 289 178 314
Sea_cucumber 0.000567 192 411 215 416
Sea_cucumber 0.000577 155 0 187 22
Sea_cucumber 0.000592 354 382 393 406
Sea_cucumber 0.001779 357 405 403 416
Sea_cucumber 0.001978 361 407 381 415
Sea_cucumber 0.002693 354 396 387 415
Sea_cucumber 0.003189 375 373 416 390
Sea_cucumber 0.003950 363 394 411 416
Sea_cucumber 0.366958 358 377 414 398
