Sea_cucumber 0.002701 343 43 407 74
Sea_cucumber 0.002758 411 295 416 367
Sea_cucumber 0.002779 0 0 8 42
Sea_cucumber 0.002848 0 19 10 52
Sea_cucumber 0.002950 285 69 300 95
Sea_cucumber 0.003934 410 49 416 71
Sea_cucumber 0.006121 0 28 8 43
Sea_cucumber 0.006220 0 14 19 43
Sea_cucumber 0.007159 184 0 208 4
Sea_cucumber 0.008804 406 41 415 77
Sea_cucumber 0.009766 405 263 415 306
Sea_cucumber 0.012604 406 26 415 62
Sea_cucumber 0.014040 399 248 416 313
Sea_cucumber 0.018347 402 288 415 394
Sea_cucumber 0.032658 349 49 379 72
Sea_cucumber 0.092644 406 289 415 342
Sea_cucumber 0.278600 399 285 415 312
Sea_cucumber 0.943880 211 11 291 39
Sea_cucumber 0.966512 91 25 136 67
Sea_cucumber 0.991312 323 0 402 36
