Sea_cucumber 0.000660 200 0 226 6
Sea_cucumber 0.000672 406 0 416 7
Sea_cucumber 0.000771 355 395 389 415
Sea_cucumber 0.000784 370 409 391 415
Sea_cucumber 0.000823 234 409 254 415
Sea_cucumber 0.000947 408 346 415 397
Sea_cucumber 0.001162 181 0 228 9
Sea_cucumber 0.001264 407 347 415 366
Sea_cucumber 0.001768 139 11 203 57
Sea_cucumber 0.001940 76 190 108 219
Sea_cucumber 0.002594 221 88 281 122
Sea_cucumber 0.004696 1 318 40 346
Sea_cucumber 0.007750 165 1 197 23
Sea_cucumber 0.015385 132 322 162 353
Sea_cucumber 0.023655 102 318 168 351
Sea_cucumber 0.112838 224 369 263 390
Sea_cucumber 0.217718 222 363 301 392
Sea_cucumber 0.872704 172 2 204 52
Sea_cucumber 0.886806 343 132 375 181
Sea_cucumber 0.980662 18 87 65 128
