Sea_cucumber 0.002648 256 250 299 266
Sea_cucumber 0.002952 360 178 386 227
Sea_cucumber 0.003089 324 320 357 342
Sea_cucumber 0.003197 0 0 24 6
Sea_cucumber 0.003338 15 0 88 42
Sea_cucumber 0.003462 404 88 414 99
Sea_cucumber 0.004099 362 190 376 233
Sea_cucumber 0.004447 396 94 415 121
Sea_cucumber 0.005373 44 251 60 284
Sea_cucumber 0.008057 384 82 414 102
Sea_cucumber 0.009120 200 3 229 47
Sea_cucumber 0.052411 327 298 365 347
Sea_cucumber 0.159084 368 236 410 250
Sea_cucumber 0.262553 220 296 239 320
Sea_cucumber 0.412708 345 294 374 338
Sea_cucumber 0.445640 395 92 416 101
Sea_cucumber 0.597350 268 243 311 261
Sea_cucumber 0.712319 2 204 56 237
Sea_cucumber 0.717320 12 1 43 44
Sea_cucumber 0.898977 183 349 227 367
