Sea_cucumber 0.000013 315 413 349 416
Sea_cucumber 0.000015 0 330 3 350
Sea_cucumber 0.000017 368 413 392 415
Sea_cucumber 0.000017 370 409 416 415
Sea_cucumber 0.000018 298 411 366 415
Sea_cucumber 0.000023 350 412 378 415
Sea_cucumber 0.000023 392 0 416 4
Sea_cucumber 0.000025 327 409 385 415
Sea_cucumber 0.000027 412 2 416 21
Sea_cucumber 0.000034 0 396 4 413
Sea_cucumber 0.000035 8 412 30 415
Sea_cucumber 0.000038 385 413 407 415
Sea_cucumber 0.000052 0 0 6 6
Sea_cucumber 0.000059 411 396 416 414
Sea_cucumber 0.000063 409 0 415 6
Sea_cucumber 0.000067 336 412 360 415
Sea_cucumber 0.000094 2 412 22 415
Sea_cucumber 0.000102 396 412 412 415
Sea_cucumber 0.000280 0 409 7 415
Sea_cucumber 0.000322 410 409 415 415
