Sea_cucumber 0.000941 0 36 4 69
Sea_cucumber 0.000952 346 64 399 102
Sea_cucumber 0.000994 0 73 6 125
Sea_cucumber 0.001113 140 0 188 5
Sea_cucumber 0.001199 141 0 172 3
Sea_cucumber 0.001233 0 100 5 117
Sea_cucumber 0.001297 0 64 17 140
Sea_cucumber 0.001315 157 0 219 5
Sea_cucumber 0.001528 398 86 415 115
Sea_cucumber 0.001574 1 308 8 320
Sea_cucumber 0.001718 196 129 227 151
Sea_cucumber 0.001914 340 75 358 89
Sea_cucumber 0.004342 0 24 6 80
Sea_cucumber 0.006184 0 48 5 102
Sea_cucumber 0.016358 161 0 182 3
Sea_cucumber 0.024762 0 56 3 79
Sea_cucumber 0.059605 12 121 60 174
Sea_cucumber 0.127668 340 71 374 92
Sea_cucumber 0.520803 15 103 64 140
Sea_cucumber 0.558431 346 55 384 87
