Sea_cucumber 0.000016 306 308 341 324
Sea_cucumber 0.000016 394 1 414 5
Sea_cucumber 0.000017 1 395 5 414
Sea_cucumber 0.000018 413 2 416 21
Sea_cucumber 0.000018 55 257 122 299
Sea_cucumber 0.000018 341 413 370 415
Sea_cucumber 0.000019 233 413 255 415
Sea_cucumber 0.000020 234 410 303 415
Sea_cucumber 0.000021 386 413 406 416
Sea_cucumber 0.000022 360 413 384 415
Sea_cucumber 0.000026 8 351 71 398
Sea_cucumber 0.000028 53 413 82 415
Sea_cucumber 0.000041 396 413 412 416
Sea_cucumber 0.000046 0 0 5 6
Sea_cucumber 0.000059 408 1 415 7
Sea_cucumber 0.000073 293 4 324 32
Sea_cucumber 0.000090 410 410 415 416
Sea_cucumber 0.000110 3 411 21 415
Sea_cucumber 0.000115 1 410 7 416
Sea_cucumber 0.000156 243 41 275 63
