Sea_cucumber 0.000071 316 312 340 373
Sea_cucumber 0.000071 171 407 221 415
Sea_cucumber 0.000071 357 413 386 416
Sea_cucumber 0.000084 161 410 184 415
Sea_cucumber 0.000099 199 412 224 415
Sea_cucumber 0.000108 388 394 415 415
Sea_cucumber 0.000110 394 1 415 5
Sea_cucumber 0.000111 0 0 4 23
Sea_cucumber 0.000119 0 0 5 61
Sea_cucumber 0.000123 1 395 5 414
Sea_cucumber 0.000146 395 411 415 416
Sea_cucumber 0.000147 410 395 415 414
Sea_cucumber 0.000159 408 1 415 8
Sea_cucumber 0.000194 1 0 23 4
Sea_cucumber 0.000222 411 3 415 21
Sea_cucumber 0.000265 0 0 7 6
Sea_cucumber 0.000331 410 408 416 415
Sea_cucumber 0.000343 1 411 21 415
Sea_cucumber 0.000377 177 386 215 408
Sea_cucumber 0.000856 1 410 8 415
