Sea_cucumber 0.000378 0 409 8 415
Sea_cucumber 0.000390 408 274 415 325
Sea_cucumber 0.000430 345 412 367 415
Sea_cucumber 0.000446 411 312 415 366
Sea_cucumber 0.000482 1 287 5 314
Sea_cucumber 0.000535 366 195 380 212
Sea_cucumber 0.000538 413 316 416 346
Sea_cucumber 0.000555 0 264 6 320
Sea_cucumber 0.000599 0 315 10 362
Sea_cucumber 0.000617 5 58 34 79
Sea_cucumber 0.000618 0 0 6 8
Sea_cucumber 0.000656 399 275 415 307
Sea_cucumber 0.001731 0 296 15 354
Sea_cucumber 0.002018 1 299 7 319
Sea_cucumber 0.003492 1 321 9 340
Sea_cucumber 0.003693 1 305 8 330
Sea_cucumber 0.016624 0 286 10 332
Sea_cucumber 0.401278 364 185 390 213
Sea_cucumber 0.730553 1 308 13 339
Sea_cucumber 0.933550 62 191 93 239
