Sea_cucumber 0.000029 0 0 4 22
Sea_cucumber 0.000033 409 377 416 415
Sea_cucumber 0.000034 321 349 338 360
Sea_cucumber 0.000036 413 175 416 200
Sea_cucumber 0.000039 1 395 4 414
Sea_cucumber 0.000043 102 216 132 243
Sea_cucumber 0.000045 0 0 22 5
Sea_cucumber 0.000051 2 411 21 415
Sea_cucumber 0.000060 393 411 415 415
Sea_cucumber 0.000061 395 0 416 5
Sea_cucumber 0.000065 212 0 241 3
Sea_cucumber 0.000067 372 408 416 415
Sea_cucumber 0.000073 376 411 398 415
Sea_cucumber 0.000088 356 248 372 274
Sea_cucumber 0.000090 1 409 7 416
Sea_cucumber 0.000114 411 393 416 414
Sea_cucumber 0.000134 411 408 416 416
Sea_cucumber 0.000146 407 0 415 6
Sea_cucumber 0.000163 0 0 7 7
Sea_cucumber 0.000382 313 340 339 360
