Sea_cucumber 0.000020 412 3 415 19
Sea_cucumber 0.000020 140 410 205 415
Sea_cucumber 0.000022 156 413 188 415
Sea_cucumber 0.000023 252 191 311 233
Sea_cucumber 0.000024 237 0 267 3
Sea_cucumber 0.000024 1 0 22 4
Sea_cucumber 0.000026 1 395 5 415
Sea_cucumber 0.000029 109 410 171 415
Sea_cucumber 0.000031 395 412 413 415
Sea_cucumber 0.000034 8 412 31 415
Sea_cucumber 0.000034 410 1 415 8
Sea_cucumber 0.000037 201 117 262 156
Sea_cucumber 0.000039 126 413 155 416
Sea_cucumber 0.000047 0 0 8 6
Sea_cucumber 0.000052 172 161 229 202
Sea_cucumber 0.000063 2 412 22 415
Sea_cucumber 0.000083 3 364 38 415
Sea_cucumber 0.000087 411 409 415 416
Sea_cucumber 0.000100 1 409 7 415
Sea_cucumber 0.000139 145 412 166 415
