Sea_cucumber 0.000113 0 396 6 412
Sea_cucumber 0.000130 176 411 200 415
Sea_cucumber 0.000140 316 409 363 415
Sea_cucumber 0.000147 200 412 222 416
Sea_cucumber 0.000152 122 411 142 416
Sea_cucumber 0.000159 317 0 401 22
Sea_cucumber 0.000167 106 407 142 416
Sea_cucumber 0.000193 347 412 378 415
Sea_cucumber 0.000198 408 345 416 384
Sea_cucumber 0.000203 0 409 8 416
Sea_cucumber 0.000237 101 411 118 416
Sea_cucumber 0.000240 408 0 415 6
Sea_cucumber 0.000387 338 409 390 415
Sea_cucumber 0.000629 410 397 416 412
Sea_cucumber 0.000630 408 368 415 408
Sea_cucumber 0.000668 409 364 416 381
Sea_cucumber 0.000669 106 410 126 416
Sea_cucumber 0.000741 409 407 416 415
Sea_cucumber 0.000749 331 412 352 416
Sea_cucumber 0.002791 340 411 356 415
