Sea_cucumber 0.000090 0 203 18 238
Sea_cucumber 0.000090 0 173 6 235
Sea_cucumber 0.000090 0 197 4 228
Sea_cucumber 0.000094 0 219 10 251
Sea_cucumber 0.000098 409 410 415 415
Sea_cucumber 0.000100 128 330 154 351
Sea_cucumber 0.000105 276 236 292 270
Sea_cucumber 0.000106 412 1 416 23
Sea_cucumber 0.000112 410 0 416 7
Sea_cucumber 0.000112 395 412 413 415
Sea_cucumber 0.000114 409 297 416 350
Sea_cucumber 0.000116 1 39 19 66
Sea_cucumber 0.000121 0 93 3 122
Sea_cucumber 0.000158 1 41 7 62
Sea_cucumber 0.000219 141 0 157 7
Sea_cucumber 0.000303 0 227 8 242
Sea_cucumber 0.000330 146 1 163 23
Sea_cucumber 0.000403 1 219 7 237
Sea_cucumber 0.000791 1 200 8 240
Sea_cucumber 0.000885 217 169 239 180
