Sea_cucumber 0.001855 408 167 416 188
Sea_cucumber 0.002038 409 157 415 174
Sea_cucumber 0.002149 407 32 415 73
Sea_cucumber 0.002403 378 172 405 233
Sea_cucumber 0.002512 398 160 413 174
Sea_cucumber 0.002581 410 57 416 77
Sea_cucumber 0.003461 408 165 415 226
Sea_cucumber 0.004609 346 0 366 5
Sea_cucumber 0.004938 394 157 415 213
Sea_cucumber 0.005231 404 163 416 196
Sea_cucumber 0.009630 373 181 386 231
Sea_cucumber 0.012751 338 241 388 274
Sea_cucumber 0.018559 405 164 415 179
Sea_cucumber 0.041038 364 181 387 253
Sea_cucumber 0.093546 389 161 415 181
Sea_cucumber 0.527013 43 138 87 164
Sea_cucumber 0.821472 195 1 266 26
Sea_cucumber 0.876745 120 254 140 316
Sea_cucumber 0.883822 334 186 391 271
Sea_cucumber 0.998822 92 135 128 207
