Sea_cucumber 0.000371 121 412 157 416
Sea_cucumber 0.000383 144 413 184 416
Sea_cucumber 0.000386 373 408 416 415
Sea_cucumber 0.000405 388 394 415 415
Sea_cucumber 0.000442 250 409 302 415
Sea_cucumber 0.000553 107 399 142 415
Sea_cucumber 0.000807 256 412 278 415
Sea_cucumber 0.000956 164 410 244 415
Sea_cucumber 0.001039 0 408 7 415
Sea_cucumber 0.001077 207 210 255 246
Sea_cucumber 0.001163 166 412 194 416
Sea_cucumber 0.001389 308 168 356 189
Sea_cucumber 0.001714 102 399 200 416
Sea_cucumber 0.001761 94 411 123 415
Sea_cucumber 0.002154 312 163 368 204
Sea_cucumber 0.003041 142 410 201 416
Sea_cucumber 0.003867 84 408 131 415
Sea_cucumber 0.025831 113 408 133 416
Sea_cucumber 0.026942 213 211 245 233
Sea_cucumber 0.029744 110 408 186 415
