Sea_cucumber 0.001320 408 282 415 319
Sea_cucumber 0.001379 0 0 42 21
Sea_cucumber 0.001415 153 0 191 8
Sea_cucumber 0.001602 410 288 415 310
Sea_cucumber 0.001716 165 0 193 4
Sea_cucumber 0.001986 378 239 397 267
Sea_cucumber 0.002302 2 0 54 9
Sea_cucumber 0.002485 35 298 85 319
Sea_cucumber 0.003598 251 1 270 10
Sea_cucumber 0.003971 42 0 109 8
Sea_cucumber 0.005071 134 0 179 6
Sea_cucumber 0.014544 247 0 274 18
Sea_cucumber 0.022591 155 0 175 5
Sea_cucumber 0.246640 292 246 320 277
Sea_cucumber 0.247445 69 297 86 318
Sea_cucumber 0.414327 182 214 225 243
Sea_cucumber 0.456378 358 240 400 280
Sea_cucumber 0.642329 217 81 233 130
Sea_cucumber 0.647005 352 181 381 207
Sea_cucumber 0.899166 31 0 73 11
