Sea_cucumber 0.001895 83 409 102 416
Sea_cucumber 0.001985 60 394 109 415
Sea_cucumber 0.002003 34 49 52 70
Sea_cucumber 0.002162 223 394 265 415
Sea_cucumber 0.002226 0 147 5 212
Sea_cucumber 0.002608 0 52 5 69
Sea_cucumber 0.002722 94 406 139 416
Sea_cucumber 0.003009 177 377 228 416
Sea_cucumber 0.003412 0 333 6 347
Sea_cucumber 0.004905 31 259 44 294
Sea_cucumber 0.005259 0 186 4 207
Sea_cucumber 0.005584 94 391 137 415
Sea_cucumber 0.007451 0 181 7 227
Sea_cucumber 0.013799 398 55 414 81
Sea_cucumber 0.026316 210 376 258 416
Sea_cucumber 0.254918 85 381 116 416
Sea_cucumber 0.668072 389 212 414 260
Sea_cucumber 0.752208 212 377 228 416
Sea_cucumber 0.891200 180 230 210 277
Sea_cucumber 0.983602 352 55 398 99
