Sea_cucumber 0.000769 134 310 151 317
Sea_cucumber 0.000784 393 0 416 5
Sea_cucumber 0.000915 162 0 196 3
Sea_cucumber 0.000973 1 153 6 175
Sea_cucumber 0.001188 1 152 9 191
Sea_cucumber 0.001203 1 154 22 215
Sea_cucumber 0.001416 99 0 149 6
Sea_cucumber 0.001591 144 309 163 318
Sea_cucumber 0.001669 314 303 346 319
Sea_cucumber 0.001904 408 0 415 7
Sea_cucumber 0.002005 67 5 81 40
Sea_cucumber 0.003684 144 0 199 6
Sea_cucumber 0.005227 312 306 324 317
Sea_cucumber 0.005600 121 0 141 4
Sea_cucumber 0.012008 125 0 172 6
Sea_cucumber 0.018415 153 0 174 3
Sea_cucumber 0.084159 315 308 332 318
Sea_cucumber 0.320707 134 303 163 318
Sea_cucumber 0.669238 65 9 86 75
Sea_cucumber 0.830609 203 275 249 317
