Sea_cucumber 0.000147 0 363 18 416
Sea_cucumber 0.000151 0 0 7 6
Sea_cucumber 0.000159 339 409 389 416
Sea_cucumber 0.000182 0 340 5 402
Sea_cucumber 0.000192 0 399 10 416
Sea_cucumber 0.000305 56 206 67 222
Sea_cucumber 0.000335 123 0 157 10
Sea_cucumber 0.000353 0 407 44 415
Sea_cucumber 0.000602 345 411 365 416
Sea_cucumber 0.000769 0 384 4 409
Sea_cucumber 0.001105 356 268 373 298
Sea_cucumber 0.001195 0 396 25 414
Sea_cucumber 0.001612 0 409 21 415
Sea_cucumber 0.001695 0 376 7 416
Sea_cucumber 0.001813 357 264 383 287
Sea_cucumber 0.001860 126 100 137 131
Sea_cucumber 0.001873 57 205 82 225
Sea_cucumber 0.008545 0 398 6 412
Sea_cucumber 0.008910 0 406 8 415
Sea_cucumber 0.640886 58 207 93 236
