Sea_cucumber 0.000137 0 0 24 6
Sea_cucumber 0.000150 1 394 4 415
Sea_cucumber 0.000156 413 367 416 393
Sea_cucumber 0.000160 412 1 416 23
Sea_cucumber 0.000162 0 0 8 7
Sea_cucumber 0.000163 1 371 6 416
Sea_cucumber 0.000194 63 15 163 93
Sea_cucumber 0.000195 394 412 415 416
Sea_cucumber 0.000226 205 0 267 8
Sea_cucumber 0.000274 412 383 415 410
Sea_cucumber 0.000364 408 1 415 7
Sea_cucumber 0.000395 2 411 21 415
Sea_cucumber 0.000399 411 394 416 414
Sea_cucumber 0.000676 409 374 415 416
Sea_cucumber 0.000874 410 408 416 416
Sea_cucumber 0.001599 1 409 7 415
Sea_cucumber 0.002345 97 40 173 79
Sea_cucumber 0.002861 148 45 168 78
Sea_cucumber 0.004230 133 171 151 203
Sea_cucumber 0.008633 96 160 152 208
