Sea_cucumber 0.001270 360 70 387 84
Sea_cucumber 0.001291 7 258 65 294
Sea_cucumber 0.001534 0 4 7 50
Sea_cucumber 0.002005 297 409 319 415
Sea_cucumber 0.002022 237 1 249 8
Sea_cucumber 0.002366 52 1 68 11
Sea_cucumber 0.002697 411 27 416 47
Sea_cucumber 0.003113 45 4 61 18
Sea_cucumber 0.004074 1 4 8 21
Sea_cucumber 0.004132 193 81 251 99
Sea_cucumber 0.004157 285 404 332 416
Sea_cucumber 0.004476 1 243 47 284
Sea_cucumber 0.004576 57 0 72 21
Sea_cucumber 0.005465 409 31 416 71
Sea_cucumber 0.010682 411 36 416 51
Sea_cucumber 0.510059 375 71 415 99
Sea_cucumber 0.648025 1 245 23 277
Sea_cucumber 0.664477 210 79 264 93
Sea_cucumber 0.837119 40 0 69 21
Sea_cucumber 0.912172 303 396 345 416
