Sea_cucumber 0.000277 298 116 317 142
Sea_cucumber 0.000293 397 136 416 160
Sea_cucumber 0.000306 397 38 415 67
Sea_cucumber 0.000327 410 409 416 416
Sea_cucumber 0.000333 284 411 301 415
Sea_cucumber 0.000368 0 0 23 5
Sea_cucumber 0.000380 409 35 416 70
Sea_cucumber 0.000437 256 410 280 416
Sea_cucumber 0.000440 409 137 415 158
Sea_cucumber 0.000472 0 407 6 416
Sea_cucumber 0.000505 288 1 308 7
Sea_cucumber 0.000518 326 202 351 224
Sea_cucumber 0.000686 61 409 76 416
Sea_cucumber 0.000695 27 0 44 4
Sea_cucumber 0.000738 0 298 4 316
Sea_cucumber 0.000892 0 0 9 6
Sea_cucumber 0.001163 0 294 5 308
Sea_cucumber 0.001358 411 51 416 68
Sea_cucumber 0.002769 371 99 388 120
Sea_cucumber 0.407848 295 97 323 138
