Sea_cucumber 0.000075 0 0 23 4
Sea_cucumber 0.000077 378 367 411 414
Sea_cucumber 0.000081 66 395 100 415
Sea_cucumber 0.000082 378 410 396 416
Sea_cucumber 0.000092 325 408 386 415
Sea_cucumber 0.000094 364 408 382 415
Sea_cucumber 0.000098 77 408 125 415
Sea_cucumber 0.000101 86 411 113 415
Sea_cucumber 0.000104 385 412 408 416
Sea_cucumber 0.000116 0 0 8 5
Sea_cucumber 0.000119 409 0 416 8
Sea_cucumber 0.000119 1 410 6 415
Sea_cucumber 0.000121 342 394 384 415
Sea_cucumber 0.000174 397 411 413 416
Sea_cucumber 0.000194 82 410 101 415
Sea_cucumber 0.000196 410 409 415 416
Sea_cucumber 0.000199 377 394 414 416
Sea_cucumber 0.000205 81 396 119 414
Sea_cucumber 0.000593 371 397 387 414
Sea_cucumber 0.000758 373 405 386 414
