Sea_cucumber 0.001254 398 388 416 416
Sea_cucumber 0.001280 262 73 303 88
Sea_cucumber 0.001776 6 68 35 96
Sea_cucumber 0.001862 401 340 415 416
Sea_cucumber 0.001871 409 338 415 390
Sea_cucumber 0.002216 396 410 415 416
Sea_cucumber 0.002219 240 61 283 80
Sea_cucumber 0.003019 41 326 57 351
Sea_cucumber 0.003396 209 408 229 415
Sea_cucumber 0.003568 188 368 219 414
Sea_cucumber 0.003844 203 404 237 415
Sea_cucumber 0.003954 207 396 248 416
Sea_cucumber 0.006340 196 407 214 415
Sea_cucumber 0.012601 409 372 415 389
Sea_cucumber 0.018969 410 406 415 415
Sea_cucumber 0.026652 203 394 221 415
Sea_cucumber 0.034837 406 360 415 401
Sea_cucumber 0.090114 410 394 415 412
Sea_cucumber 0.253509 408 377 415 414
Sea_cucumber 0.815629 248 66 302 84
