Sea_cucumber 0.000438 215 50 244 57
Sea_cucumber 0.000485 393 44 415 126
Sea_cucumber 0.000551 412 385 416 407
Sea_cucumber 0.000578 207 42 264 68
Sea_cucumber 0.000580 219 14 253 64
Sea_cucumber 0.000596 56 0 112 7
Sea_cucumber 0.000612 216 412 240 416
Sea_cucumber 0.000621 0 411 22 415
Sea_cucumber 0.000720 222 53 249 61
Sea_cucumber 0.000795 0 1 4 21
Sea_cucumber 0.001061 410 409 415 416
Sea_cucumber 0.001139 412 139 416 158
Sea_cucumber 0.001193 0 0 6 9
Sea_cucumber 0.001224 65 0 87 3
Sea_cucumber 0.001581 409 0 415 6
Sea_cucumber 0.002111 0 408 7 415
Sea_cucumber 0.002308 412 149 416 161
Sea_cucumber 0.011264 234 257 260 306
Sea_cucumber 0.634847 217 47 255 60
Sea_cucumber 0.925849 380 32 416 78
