Sea_cucumber 0.000845 409 280 416 320
Sea_cucumber 0.000848 412 272 416 297
Sea_cucumber 0.001531 32 159 44 213
Sea_cucumber 0.001988 178 411 199 415
Sea_cucumber 0.002032 0 254 28 279
Sea_cucumber 0.002270 73 6 147 39
Sea_cucumber 0.003355 390 353 415 376
Sea_cucumber 0.003529 77 374 93 390
Sea_cucumber 0.004114 411 290 416 308
Sea_cucumber 0.006096 411 285 416 299
Sea_cucumber 0.013647 0 95 20 184
Sea_cucumber 0.085732 59 370 94 392
Sea_cucumber 0.468046 256 291 341 314
Sea_cucumber 0.496817 0 152 22 187
Sea_cucumber 0.736585 0 249 60 281
Sea_cucumber 0.746435 203 120 222 181
Sea_cucumber 0.755489 101 19 148 39
Sea_cucumber 0.995511 30 150 57 217
Sea_cucumber 0.997391 221 319 256 389
Sea_cucumber 0.997450 367 158 409 230
