Sea_cucumber 0.021308 178 30 196 55
Sea_cucumber 0.022444 397 9 413 32
Sea_cucumber 0.023961 0 306 7 324
Sea_cucumber 0.027413 410 315 416 336
Sea_cucumber 0.034212 306 2 329 38
Sea_cucumber 0.038419 409 331 415 345
Sea_cucumber 0.041753 394 150 413 179
Sea_cucumber 0.073909 141 406 154 416
Sea_cucumber 0.131889 0 341 4 356
Sea_cucumber 0.142933 409 325 415 339
Sea_cucumber 0.173027 0 309 7 355
Sea_cucumber 0.381425 0 95 8 137
Sea_cucumber 0.451255 178 13 208 55
Sea_cucumber 0.557540 201 293 220 332
Sea_cucumber 0.698659 175 56 221 83
Sea_cucumber 0.827871 81 287 130 303
Sea_cucumber 0.906173 297 3 331 66
Sea_cucumber 0.973224 79 344 119 370
Sea_cucumber 0.976969 0 0 38 25
Sea_cucumber 0.984466 233 92 259 149
