Sea_cucumber 0.000042 197 232 214 258
Sea_cucumber 0.000046 396 362 416 416
Sea_cucumber 0.000047 140 127 197 172
Sea_cucumber 0.000047 412 341 416 369
Sea_cucumber 0.000049 0 411 7 416
Sea_cucumber 0.000052 2 1 22 6
Sea_cucumber 0.000053 409 409 416 416
Sea_cucumber 0.000056 123 368 183 411
Sea_cucumber 0.000064 373 0 416 6
Sea_cucumber 0.000073 267 370 324 416
Sea_cucumber 0.000087 408 199 415 241
Sea_cucumber 0.000091 69 81 135 126
Sea_cucumber 0.000092 394 0 415 54
Sea_cucumber 0.000099 399 161 416 241
Sea_cucumber 0.000102 381 0 412 3
Sea_cucumber 0.000103 0 0 6 6
Sea_cucumber 0.000139 278 0 322 6
Sea_cucumber 0.000759 411 341 416 353
Sea_cucumber 0.000780 283 0 300 3
Sea_cucumber 0.001243 405 0 416 5
