Sea_cucumber 0.000008 305 413 328 415
Sea_cucumber 0.000009 1 0 22 4
Sea_cucumber 0.000010 1 237 5 299
Sea_cucumber 0.000010 393 1 414 5
Sea_cucumber 0.000011 10 413 30 415
Sea_cucumber 0.000011 226 184 263 208
Sea_cucumber 0.000013 120 413 144 416
Sea_cucumber 0.000014 3 413 21 415
Sea_cucumber 0.000014 54 413 82 415
Sea_cucumber 0.000018 413 397 416 413
Sea_cucumber 0.000019 386 413 406 416
Sea_cucumber 0.000023 314 412 334 415
Sea_cucumber 0.000023 413 2 415 19
Sea_cucumber 0.000027 0 265 5 319
Sea_cucumber 0.000037 395 413 412 416
Sea_cucumber 0.000046 1 410 6 416
Sea_cucumber 0.000048 0 0 6 6
Sea_cucumber 0.000079 409 1 415 8
Sea_cucumber 0.000100 0 274 4 293
Sea_cucumber 0.000278 411 409 415 415
