Sea_cucumber 0.007974 0 41 23 104
Sea_cucumber 0.012728 224 407 248 415
Sea_cucumber 0.015918 245 305 276 332
Sea_cucumber 0.016359 269 110 302 126
Sea_cucumber 0.028459 329 71 380 93
Sea_cucumber 0.043242 320 235 359 253
Sea_cucumber 0.063384 251 176 269 197
Sea_cucumber 0.064797 0 79 18 107
Sea_cucumber 0.069699 308 62 379 88
Sea_cucumber 0.140357 302 59 327 78
Sea_cucumber 0.177499 310 383 337 414
Sea_cucumber 0.196431 392 108 416 158
Sea_cucumber 0.374654 0 38 37 70
Sea_cucumber 0.501147 238 324 278 338
Sea_cucumber 0.734781 232 172 252 201
Sea_cucumber 0.830204 222 210 262 230
Sea_cucumber 0.865441 123 192 153 220
Sea_cucumber 0.927318 236 64 267 94
Sea_cucumber 0.960872 208 231 242 275
Sea_cucumber 0.965399 43 184 77 213
