Sea_cucumber 0.000139 249 413 270 416
Sea_cucumber 0.000153 214 413 240 416
Sea_cucumber 0.000240 3 412 20 415
Sea_cucumber 0.000275 0 107 6 173
Sea_cucumber 0.000297 0 0 6 7
Sea_cucumber 0.000404 1 410 7 415
Sea_cucumber 0.000508 0 188 5 218
Sea_cucumber 0.000508 0 169 18 191
Sea_cucumber 0.000723 1 150 4 180
Sea_cucumber 0.001532 2 178 15 197
Sea_cucumber 0.002274 0 173 14 256
Sea_cucumber 0.002475 0 183 7 239
Sea_cucumber 0.003832 0 184 8 204
Sea_cucumber 0.003885 1 159 6 187
Sea_cucumber 0.005274 0 152 16 214
Sea_cucumber 0.011230 0 114 14 194
Sea_cucumber 0.014219 0 177 11 213
Sea_cucumber 0.020065 0 137 8 192
Sea_cucumber 0.281960 0 164 12 196
Sea_cucumber 0.827800 229 242 259 275
