Sea_cucumber 0.000397 95 393 136 415
Sea_cucumber 0.000446 100 396 204 416
Sea_cucumber 0.000468 409 408 416 416
Sea_cucumber 0.000473 410 355 416 404
Sea_cucumber 0.000486 163 104 195 128
Sea_cucumber 0.000514 408 0 415 6
Sea_cucumber 0.000843 0 116 6 134
Sea_cucumber 0.000861 164 397 211 415
Sea_cucumber 0.001005 250 409 273 416
Sea_cucumber 0.001077 135 409 210 415
Sea_cucumber 0.001304 343 57 371 77
Sea_cucumber 0.001474 145 105 184 131
Sea_cucumber 0.001635 407 327 415 369
Sea_cucumber 0.001950 410 354 416 374
Sea_cucumber 0.002152 257 407 311 416
Sea_cucumber 0.002210 222 407 282 416
Sea_cucumber 0.002806 254 399 283 415
Sea_cucumber 0.011114 259 405 278 415
Sea_cucumber 0.034505 110 121 156 139
Sea_cucumber 0.350247 117 107 185 140
