Sea_cucumber 0.000932 0 203 3 221
Sea_cucumber 0.000937 0 370 4 391
Sea_cucumber 0.001069 0 256 6 276
Sea_cucumber 0.001099 0 213 9 260
Sea_cucumber 0.001115 410 397 415 413
Sea_cucumber 0.001217 0 348 6 395
Sea_cucumber 0.001303 0 383 4 407
Sea_cucumber 0.001316 0 247 8 287
Sea_cucumber 0.001907 0 236 12 266
Sea_cucumber 0.002186 397 297 412 319
Sea_cucumber 0.003090 395 410 415 415
Sea_cucumber 0.003255 0 381 5 396
Sea_cucumber 0.003829 408 408 415 415
Sea_cucumber 0.004344 0 246 8 260
Sea_cucumber 0.008297 372 299 408 316
Sea_cucumber 0.011367 0 253 8 265
Sea_cucumber 0.017320 0 230 27 293
Sea_cucumber 0.017702 267 306 300 327
Sea_cucumber 0.113222 251 312 302 333
Sea_cucumber 0.398837 2 228 32 260
