Sea_cucumber 0.000570 408 375 415 416
Sea_cucumber 0.000575 0 38 15 105
Sea_cucumber 0.000784 0 80 5 150
Sea_cucumber 0.000875 0 70 17 97
Sea_cucumber 0.000942 411 372 416 390
Sea_cucumber 0.001249 0 84 4 114
Sea_cucumber 0.001294 312 0 368 5
Sea_cucumber 0.001743 394 411 416 415
Sea_cucumber 0.001994 409 409 415 415
Sea_cucumber 0.002011 0 65 5 89
Sea_cucumber 0.006163 0 57 9 95
Sea_cucumber 0.006967 0 72 8 110
Sea_cucumber 0.009100 347 0 363 3
Sea_cucumber 0.009255 371 134 399 177
Sea_cucumber 0.032839 0 76 7 94
Sea_cucumber 0.075294 342 176 397 198
Sea_cucumber 0.631301 335 71 380 97
Sea_cucumber 0.664965 304 335 343 365
Sea_cucumber 0.909905 356 132 395 197
Sea_cucumber 0.997893 214 83 261 132
