Sea_cucumber 0.000223 186 283 241 319
Sea_cucumber 0.000230 410 193 416 263
Sea_cucumber 0.000267 176 118 202 142
Sea_cucumber 0.000356 196 293 212 310
Sea_cucumber 0.000411 385 253 414 310
Sea_cucumber 0.000451 0 251 5 268
Sea_cucumber 0.000493 218 1 235 7
Sea_cucumber 0.000494 65 191 82 213
Sea_cucumber 0.000517 408 278 414 305
Sea_cucumber 0.001377 399 292 414 308
Sea_cucumber 0.001920 411 229 416 273
Sea_cucumber 0.002207 411 258 415 293
Sea_cucumber 0.002900 413 239 416 266
Sea_cucumber 0.011016 204 299 216 316
Sea_cucumber 0.012977 399 219 415 313
Sea_cucumber 0.022202 412 254 416 267
Sea_cucumber 0.022503 217 3 234 23
Sea_cucumber 0.032613 408 252 415 301
Sea_cucumber 0.171234 190 293 217 318
Sea_cucumber 0.277110 397 273 416 308
