Sea_cucumber 0.000154 2 412 22 415
Sea_cucumber 0.000167 394 412 414 416
Sea_cucumber 0.000172 208 409 280 416
Sea_cucumber 0.000177 311 8 352 31
Sea_cucumber 0.000177 0 0 4 22
Sea_cucumber 0.000192 147 412 179 415
Sea_cucumber 0.000196 179 412 214 416
Sea_cucumber 0.000243 261 218 291 271
Sea_cucumber 0.000259 0 410 8 415
Sea_cucumber 0.000314 410 409 415 415
Sea_cucumber 0.000346 101 409 163 415
Sea_cucumber 0.000385 135 409 192 415
Sea_cucumber 0.000768 0 0 6 7
Sea_cucumber 0.000823 137 412 159 415
Sea_cucumber 0.001265 257 245 296 262
Sea_cucumber 0.001305 202 180 287 250
Sea_cucumber 0.001341 169 408 224 415
Sea_cucumber 0.001528 199 408 240 416
Sea_cucumber 0.009406 203 409 220 416
Sea_cucumber 0.986614 249 188 285 248
