Sea_cucumber 0.000495 171 0 221 6
Sea_cucumber 0.000503 0 0 7 6
Sea_cucumber 0.000531 408 408 416 416
Sea_cucumber 0.000586 0 410 23 415
Sea_cucumber 0.000663 157 0 173 4
Sea_cucumber 0.000725 372 260 408 291
Sea_cucumber 0.000769 390 239 407 284
Sea_cucumber 0.000781 410 43 415 92
Sea_cucumber 0.000864 0 2 6 53
Sea_cucumber 0.000869 409 10 415 62
Sea_cucumber 0.000876 0 204 5 218
Sea_cucumber 0.000886 128 337 153 359
Sea_cucumber 0.000912 0 27 6 76
Sea_cucumber 0.001298 167 0 194 3
Sea_cucumber 0.001821 0 33 5 53
Sea_cucumber 0.002064 0 408 7 415
Sea_cucumber 0.002673 411 44 416 61
Sea_cucumber 0.004428 388 219 402 253
Sea_cucumber 0.013380 392 254 412 296
Sea_cucumber 0.730289 383 226 411 295
