Sea_cucumber 0.000928 113 410 182 416
Sea_cucumber 0.001378 345 409 398 416
Sea_cucumber 0.001501 278 124 307 143
Sea_cucumber 0.001558 109 345 163 378
Sea_cucumber 0.001646 239 392 267 415
Sea_cucumber 0.001899 306 408 327 415
Sea_cucumber 0.002184 233 272 254 281
Sea_cucumber 0.002536 74 2 102 44
Sea_cucumber 0.002944 102 407 147 415
Sea_cucumber 0.003007 409 397 416 412
Sea_cucumber 0.003169 408 406 415 416
Sea_cucumber 0.004611 345 412 369 416
Sea_cucumber 0.005337 358 364 372 380
Sea_cucumber 0.005935 314 101 330 131
Sea_cucumber 0.008736 125 348 156 366
Sea_cucumber 0.015367 361 361 380 383
Sea_cucumber 0.036783 71 346 99 365
Sea_cucumber 0.070520 359 365 389 393
Sea_cucumber 0.217070 363 381 392 397
Sea_cucumber 0.635141 337 206 372 219
