Sea_cucumber 0.003867 403 378 411 401
Sea_cucumber 0.004089 0 165 8 179
Sea_cucumber 0.005219 1 165 37 182
Sea_cucumber 0.005651 115 144 149 170
Sea_cucumber 0.008158 0 112 7 150
Sea_cucumber 0.008695 410 198 416 241
Sea_cucumber 0.014998 354 367 369 413
Sea_cucumber 0.016745 299 235 334 253
Sea_cucumber 0.020728 129 159 165 182
Sea_cucumber 0.021890 0 120 5 142
Sea_cucumber 0.032696 411 203 416 220
Sea_cucumber 0.035210 300 220 320 250
Sea_cucumber 0.071320 324 240 353 259
Sea_cucumber 0.078331 66 288 101 314
Sea_cucumber 0.116550 405 371 415 407
Sea_cucumber 0.160596 300 225 352 259
Sea_cucumber 0.283195 332 370 366 414
Sea_cucumber 0.347175 108 130 161 177
Sea_cucumber 0.860584 301 99 346 121
Sea_cucumber 0.866087 159 76 182 140
