Sea_cucumber 0.000011 0 0 5 57
Sea_cucumber 0.000011 190 413 218 416
Sea_cucumber 0.000012 395 413 412 416
Sea_cucumber 0.000012 9 413 30 415
Sea_cucumber 0.000012 121 413 143 415
Sea_cucumber 0.000013 0 7 3 32
Sea_cucumber 0.000014 206 413 232 416
Sea_cucumber 0.000016 210 410 279 415
Sea_cucumber 0.000018 0 0 24 4
Sea_cucumber 0.000020 394 1 414 5
Sea_cucumber 0.000020 230 413 258 416
Sea_cucumber 0.000023 224 413 248 415
Sea_cucumber 0.000025 412 2 415 20
Sea_cucumber 0.000025 0 2 4 18
Sea_cucumber 0.000029 3 412 21 415
Sea_cucumber 0.000048 216 366 244 414
Sea_cucumber 0.000059 412 410 415 416
Sea_cucumber 0.000095 1 410 6 415
Sea_cucumber 0.000102 0 0 8 6
Sea_cucumber 0.000120 409 1 415 7
