Sea_cucumber 0.000529 394 409 411 415
Sea_cucumber 0.000548 387 408 405 415
Sea_cucumber 0.000569 237 83 249 98
Sea_cucumber 0.000670 384 395 409 415
Sea_cucumber 0.000707 208 353 220 395
Sea_cucumber 0.000721 37 21 50 48
Sea_cucumber 0.000738 0 0 7 6
Sea_cucumber 0.000867 38 2 53 35
Sea_cucumber 0.000929 62 394 91 415
Sea_cucumber 0.001014 234 73 250 96
Sea_cucumber 0.001383 0 180 6 227
Sea_cucumber 0.001566 3 407 18 416
Sea_cucumber 0.001722 0 209 3 230
Sea_cucumber 0.001725 251 324 269 337
Sea_cucumber 0.002328 226 65 245 89
Sea_cucumber 0.003099 385 185 409 210
Sea_cucumber 0.003612 47 0 57 9
Sea_cucumber 0.003765 0 404 9 416
Sea_cucumber 0.086992 45 0 58 25
Sea_cucumber 0.411884 210 366 228 405
