Sea_cucumber 0.001757 0 276 5 306
Sea_cucumber 0.001860 0 90 6 109
Sea_cucumber 0.002124 45 0 93 12
Sea_cucumber 0.002281 0 274 18 310
Sea_cucumber 0.002540 81 0 133 20
Sea_cucumber 0.002671 174 261 198 306
Sea_cucumber 0.003241 195 366 210 397
Sea_cucumber 0.003553 1 136 27 160
Sea_cucumber 0.004884 226 240 244 276
Sea_cucumber 0.005076 1 274 8 294
Sea_cucumber 0.006880 221 231 266 270
Sea_cucumber 0.007268 0 128 8 139
Sea_cucumber 0.007725 223 234 236 271
Sea_cucumber 0.011408 179 264 197 286
Sea_cucumber 0.012062 190 368 215 415
Sea_cucumber 0.020042 0 275 7 324
Sea_cucumber 0.032605 10 140 44 160
Sea_cucumber 0.248222 5 147 37 167
Sea_cucumber 0.292434 225 233 252 256
Sea_cucumber 0.669274 65 0 105 20
