Sea_cucumber 0.000150 339 409 404 415
Sea_cucumber 0.000157 295 409 353 415
Sea_cucumber 0.000170 0 88 6 143
Sea_cucumber 0.000171 408 0 415 6
Sea_cucumber 0.000239 393 412 415 416
Sea_cucumber 0.000276 329 412 365 415
Sea_cucumber 0.000289 323 398 358 414
Sea_cucumber 0.000305 199 412 225 416
Sea_cucumber 0.000309 4 409 51 415
Sea_cucumber 0.000315 222 411 249 415
Sea_cucumber 0.000338 0 113 3 134
Sea_cucumber 0.000386 215 409 273 415
Sea_cucumber 0.000432 410 409 415 415
Sea_cucumber 0.000472 199 408 240 415
Sea_cucumber 0.000482 14 412 41 416
Sea_cucumber 0.000883 0 410 8 416
Sea_cucumber 0.001080 216 410 238 415
Sea_cucumber 0.001114 3 412 22 416
Sea_cucumber 0.001857 324 408 371 415
Sea_cucumber 0.993462 124 293 172 353
