Sea_cucumber 0.000827 397 393 415 415
Sea_cucumber 0.000874 0 98 6 120
Sea_cucumber 0.000938 408 396 415 413
Sea_cucumber 0.001113 201 382 266 414
Sea_cucumber 0.001198 407 406 415 416
Sea_cucumber 0.001203 205 399 222 413
Sea_cucumber 0.001275 397 407 415 416
Sea_cucumber 0.001351 193 411 216 416
Sea_cucumber 0.001497 0 80 9 119
Sea_cucumber 0.001535 0 99 10 133
Sea_cucumber 0.001550 381 302 413 327
Sea_cucumber 0.001567 215 405 254 416
Sea_cucumber 0.001685 224 398 278 413
Sea_cucumber 0.002051 181 407 227 415
Sea_cucumber 0.002587 226 408 246 415
Sea_cucumber 0.002947 0 108 7 124
Sea_cucumber 0.003017 0 78 11 89
Sea_cucumber 0.003360 151 103 191 117
Sea_cucumber 0.013206 208 407 230 415
Sea_cucumber 0.028555 204 396 235 415
