Sea_cucumber 0.000306 0 395 6 414
Sea_cucumber 0.000311 342 409 403 416
Sea_cucumber 0.000319 0 407 44 415
Sea_cucumber 0.000368 410 395 415 415
Sea_cucumber 0.000438 223 0 248 3
Sea_cucumber 0.000439 37 376 66 402
Sea_cucumber 0.000481 273 396 309 415
Sea_cucumber 0.000491 248 408 305 415
Sea_cucumber 0.000563 282 409 302 415
Sea_cucumber 0.000619 377 396 416 416
Sea_cucumber 0.000795 1 294 7 308
Sea_cucumber 0.000803 1 410 21 415
Sea_cucumber 0.000854 6 394 49 415
Sea_cucumber 0.001100 269 377 327 416
Sea_cucumber 0.001206 0 409 9 415
Sea_cucumber 0.002367 382 411 414 416
Sea_cucumber 0.003385 406 409 414 415
Sea_cucumber 0.005547 375 408 416 415
Sea_cucumber 0.029224 397 409 413 415
Sea_cucumber 0.677411 72 36 129 56
