Sea_cucumber 0.000581 0 0 25 5
Sea_cucumber 0.000613 217 3 278 43
Sea_cucumber 0.000615 0 0 41 21
Sea_cucumber 0.000688 58 83 87 125
Sea_cucumber 0.000723 125 330 153 351
Sea_cucumber 0.000750 268 358 323 394
Sea_cucumber 0.000774 408 163 416 197
Sea_cucumber 0.000805 111 409 136 416
Sea_cucumber 0.000850 411 184 416 205
Sea_cucumber 0.000930 245 168 276 190
Sea_cucumber 0.000959 108 407 156 415
Sea_cucumber 0.000962 0 0 45 8
Sea_cucumber 0.001056 0 0 8 7
Sea_cucumber 0.001227 301 1 354 39
Sea_cucumber 0.001436 411 285 415 314
Sea_cucumber 0.001483 303 0 343 22
Sea_cucumber 0.002901 409 275 415 324
Sea_cucumber 0.007791 410 181 415 193
Sea_cucumber 0.050117 244 146 290 192
Sea_cucumber 0.123109 191 2 229 36
