Sea_cucumber 0.002183 0 49 8 86
Sea_cucumber 0.002237 233 324 243 343
Sea_cucumber 0.002436 0 21 7 66
Sea_cucumber 0.002675 197 274 276 313
Sea_cucumber 0.003208 107 0 174 8
Sea_cucumber 0.003549 35 408 51 416
Sea_cucumber 0.003931 158 0 217 8
Sea_cucumber 0.007321 0 53 40 69
Sea_cucumber 0.009144 0 392 41 415
Sea_cucumber 0.017581 0 55 5 67
Sea_cucumber 0.023454 33 390 68 415
Sea_cucumber 0.029330 394 153 415 178
Sea_cucumber 0.039514 147 0 179 9
Sea_cucumber 0.090401 100 381 117 414
Sea_cucumber 0.163588 29 388 47 415
Sea_cucumber 0.180037 391 187 416 206
Sea_cucumber 0.523134 243 269 278 311
Sea_cucumber 0.581542 392 155 415 205
Sea_cucumber 0.950496 336 27 366 84
Sea_cucumber 0.994599 139 191 190 261
