Sea_cucumber 0.001582 338 184 354 206
Sea_cucumber 0.001830 410 274 415 295
Sea_cucumber 0.002350 407 266 415 302
Sea_cucumber 0.002568 407 291 415 307
Sea_cucumber 0.002946 1 397 9 415
Sea_cucumber 0.003873 390 287 415 309
Sea_cucumber 0.003972 6 56 34 80
Sea_cucumber 0.010755 398 287 415 299
Sea_cucumber 0.010917 2 406 37 416
Sea_cucumber 0.011654 68 79 100 99
Sea_cucumber 0.013404 9 408 26 415
Sea_cucumber 0.014950 63 75 93 91
Sea_cucumber 0.017174 0 407 12 415
Sea_cucumber 0.037032 2 395 19 416
Sea_cucumber 0.124048 87 60 108 92
Sea_cucumber 0.195061 5 406 18 415
Sea_cucumber 0.224222 65 61 105 90
Sea_cucumber 0.660885 272 142 324 164
Sea_cucumber 0.737322 180 148 226 175
Sea_cucumber 0.819550 35 122 81 147
