Sea_cucumber 0.000198 0 0 21 5
Sea_cucumber 0.000210 412 1 415 21
Sea_cucumber 0.000215 368 410 416 415
Sea_cucumber 0.000242 0 89 8 127
Sea_cucumber 0.000327 0 55 26 188
Sea_cucumber 0.000338 410 410 415 415
Sea_cucumber 0.000422 394 412 414 416
Sea_cucumber 0.000485 0 104 5 128
Sea_cucumber 0.000824 0 0 8 6
Sea_cucumber 0.000839 0 409 41 415
Sea_cucumber 0.000887 0 410 9 416
Sea_cucumber 0.001266 19 97 48 176
Sea_cucumber 0.002398 13 103 24 148
Sea_cucumber 0.002868 0 118 3 146
Sea_cucumber 0.003365 0 106 6 157
Sea_cucumber 0.003623 8 110 20 155
Sea_cucumber 0.004568 3 80 22 168
Sea_cucumber 0.005200 10 412 30 416
Sea_cucumber 0.525070 51 32 95 60
Sea_cucumber 0.699631 9 101 28 178
