Sea_cucumber 0.000187 413 335 416 375
Sea_cucumber 0.000190 407 139 415 156
Sea_cucumber 0.000198 410 409 416 416
Sea_cucumber 0.000211 313 411 333 416
Sea_cucumber 0.000213 412 1 416 21
Sea_cucumber 0.000219 411 334 415 408
Sea_cucumber 0.000279 0 0 7 6
Sea_cucumber 0.000303 383 106 411 127
Sea_cucumber 0.000322 403 273 416 352
Sea_cucumber 0.000342 0 411 21 416
Sea_cucumber 0.000406 410 269 415 331
Sea_cucumber 0.000497 408 0 416 7
Sea_cucumber 0.000820 1 410 8 416
Sea_cucumber 0.002333 347 255 381 282
Sea_cucumber 0.003765 412 322 415 356
Sea_cucumber 0.004147 409 304 416 343
Sea_cucumber 0.005195 403 314 416 403
Sea_cucumber 0.019263 412 307 416 328
Sea_cucumber 0.020491 410 314 416 366
Sea_cucumber 0.102633 412 317 416 331
