Sea_cucumber 0.000479 168 382 191 394
Sea_cucumber 0.000564 258 0 277 6
Sea_cucumber 0.000592 171 53 201 95
Sea_cucumber 0.000599 0 299 5 316
Sea_cucumber 0.000637 88 408 111 415
Sea_cucumber 0.000701 398 394 415 416
Sea_cucumber 0.000891 2 410 20 415
Sea_cucumber 0.000903 408 282 416 300
Sea_cucumber 0.000925 0 409 10 416
Sea_cucumber 0.000936 407 309 414 354
Sea_cucumber 0.001040 397 409 414 416
Sea_cucumber 0.001142 161 395 200 413
Sea_cucumber 0.001148 409 312 415 335
Sea_cucumber 0.001469 138 372 206 404
Sea_cucumber 0.001726 408 282 415 333
Sea_cucumber 0.002196 408 406 415 415
Sea_cucumber 0.003305 408 395 415 413
Sea_cucumber 0.011735 164 385 198 402
Sea_cucumber 0.580898 159 373 204 392
Sea_cucumber 0.632032 8 226 51 264
