Sea_cucumber 0.000156 273 413 311 416
Sea_cucumber 0.000157 389 395 416 415
Sea_cucumber 0.000169 408 288 413 311
Sea_cucumber 0.000183 219 0 284 6
Sea_cucumber 0.000203 0 0 6 6
Sea_cucumber 0.000204 389 298 403 315
Sea_cucumber 0.000247 407 0 415 6
Sea_cucumber 0.000266 369 408 416 415
Sea_cucumber 0.000295 408 397 415 411
Sea_cucumber 0.000301 381 298 395 315
Sea_cucumber 0.000439 394 411 415 415
Sea_cucumber 0.000466 404 281 414 319
Sea_cucumber 0.000576 308 412 337 416
Sea_cucumber 0.000672 298 409 350 416
Sea_cucumber 0.000678 409 409 416 416
Sea_cucumber 0.001551 350 283 410 319
Sea_cucumber 0.002103 275 409 325 415
Sea_cucumber 0.003831 399 288 409 310
Sea_cucumber 0.004853 297 411 320 415
Sea_cucumber 0.661467 380 288 409 316
