Sea_cucumber 0.000372 155 99 205 118
Sea_cucumber 0.000379 79 319 107 346
Sea_cucumber 0.000413 0 408 9 416
Sea_cucumber 0.000416 407 0 415 5
Sea_cucumber 0.000595 3 162 15 180
Sea_cucumber 0.000654 324 0 340 4
Sea_cucumber 0.000655 62 59 77 72
Sea_cucumber 0.000785 410 408 416 415
Sea_cucumber 0.001084 0 148 15 221
Sea_cucumber 0.001185 0 138 17 175
Sea_cucumber 0.001226 1 164 6 193
Sea_cucumber 0.001334 80 409 105 416
Sea_cucumber 0.001982 79 131 122 149
Sea_cucumber 0.002265 85 133 150 167
Sea_cucumber 0.002467 1 145 5 169
Sea_cucumber 0.003733 1 160 8 214
Sea_cucumber 0.004393 0 123 7 174
Sea_cucumber 0.016997 0 155 11 187
Sea_cucumber 0.021021 1 156 8 173
Sea_cucumber 0.813681 63 56 93 74
