Sea_cucumber 0.000764 209 412 230 416
Sea_cucumber 0.000792 413 12 416 41
Sea_cucumber 0.001008 389 0 415 24
Sea_cucumber 0.001011 329 192 370 216
Sea_cucumber 0.001121 259 0 293 22
Sea_cucumber 0.001323 242 0 277 22
Sea_cucumber 0.001433 411 210 416 260
Sea_cucumber 0.001519 380 189 395 219
Sea_cucumber 0.002300 413 214 416 239
Sea_cucumber 0.002891 410 0 416 38
Sea_cucumber 0.003728 361 114 378 140
Sea_cucumber 0.004611 411 0 416 10
Sea_cucumber 0.017865 314 185 384 221
Sea_cucumber 0.046303 412 3 416 22
Sea_cucumber 0.064628 271 313 285 367
Sea_cucumber 0.440640 359 114 385 161
Sea_cucumber 0.695372 349 194 381 225
Sea_cucumber 0.950479 271 300 309 364
Sea_cucumber 0.982372 160 173 209 216
Sea_cucumber 0.989544 333 246 356 315
