Sea_cucumber 0.000094 73 411 95 416
Sea_cucumber 0.000098 0 100 7 146
Sea_cucumber 0.000100 0 408 8 416
Sea_cucumber 0.000109 385 412 406 415
Sea_cucumber 0.000116 226 154 307 186
Sea_cucumber 0.000124 40 410 63 416
Sea_cucumber 0.000125 0 0 23 5
Sea_cucumber 0.000131 4 410 21 415
Sea_cucumber 0.000134 410 409 416 416
Sea_cucumber 0.000137 0 90 8 125
Sea_cucumber 0.000147 0 307 5 326
Sea_cucumber 0.000154 241 99 281 118
Sea_cucumber 0.000225 394 0 416 3
Sea_cucumber 0.000231 0 0 7 7
Sea_cucumber 0.000284 0 88 5 113
Sea_cucumber 0.000298 406 0 415 5
Sea_cucumber 0.000342 227 360 244 382
Sea_cucumber 0.000422 0 69 7 115
Sea_cucumber 0.000797 0 101 6 116
Sea_cucumber 0.002614 243 167 259 196
