Sea_cucumber 0.003734 312 408 336 415
Sea_cucumber 0.003796 395 20 415 34
Sea_cucumber 0.003888 316 405 363 415
Sea_cucumber 0.004453 390 20 415 47
Sea_cucumber 0.005204 395 13 413 27
Sea_cucumber 0.005230 213 264 240 286
Sea_cucumber 0.006629 118 0 145 24
Sea_cucumber 0.008623 170 9 202 32
Sea_cucumber 0.008926 172 22 201 50
Sea_cucumber 0.010254 1 27 8 45
Sea_cucumber 0.010863 197 260 240 300
Sea_cucumber 0.012136 10 406 27 415
Sea_cucumber 0.013537 342 297 373 317
Sea_cucumber 0.017160 170 29 190 59
Sea_cucumber 0.021174 147 114 179 137
Sea_cucumber 0.030510 213 306 238 323
Sea_cucumber 0.036844 0 24 18 48
Sea_cucumber 0.058228 268 209 300 232
Sea_cucumber 0.186872 131 4 145 35
Sea_cucumber 0.273408 389 7 415 31
