Sea_cucumber 0.000829 410 409 415 415
Sea_cucumber 0.000890 292 410 321 415
Sea_cucumber 0.001055 92 119 109 149
Sea_cucumber 0.001550 411 395 416 413
Sea_cucumber 0.001603 108 120 125 148
Sea_cucumber 0.001724 408 364 416 396
Sea_cucumber 0.001815 410 358 416 374
Sea_cucumber 0.002100 0 22 4 34
Sea_cucumber 0.002923 342 0 371 13
Sea_cucumber 0.003090 324 0 355 12
Sea_cucumber 0.003379 91 120 142 159
Sea_cucumber 0.004555 264 405 304 416
Sea_cucumber 0.004878 114 124 130 156
Sea_cucumber 0.005987 94 127 121 152
Sea_cucumber 0.006136 286 405 330 416
Sea_cucumber 0.006506 408 365 415 375
Sea_cucumber 0.009002 411 381 416 396
Sea_cucumber 0.009545 411 389 415 400
Sea_cucumber 0.028486 285 404 302 415
Sea_cucumber 0.084712 343 0 355 13
