Sea_cucumber 0.000231 378 396 415 415
Sea_cucumber 0.000236 407 116 414 132
Sea_cucumber 0.000256 398 123 415 157
Sea_cucumber 0.000266 213 409 276 415
Sea_cucumber 0.000276 251 283 270 318
Sea_cucumber 0.000296 411 385 416 408
Sea_cucumber 0.000299 374 406 416 416
Sea_cucumber 0.000301 230 271 317 342
Sea_cucumber 0.000325 408 377 415 415
Sea_cucumber 0.000411 395 410 415 416
Sea_cucumber 0.000556 362 410 382 415
Sea_cucumber 0.000758 410 395 416 413
Sea_cucumber 0.000816 409 407 416 416
Sea_cucumber 0.001497 292 253 318 314
Sea_cucumber 0.004963 397 102 415 131
Sea_cucumber 0.005207 397 119 413 131
Sea_cucumber 0.014283 266 259 298 332
Sea_cucumber 0.803093 285 258 307 323
Sea_cucumber 0.973081 132 376 216 409
Sea_cucumber 0.982928 249 284 282 340
