Sea_cucumber 0.000075 2 396 37 415
Sea_cucumber 0.000076 410 0 415 55
Sea_cucumber 0.000083 352 413 376 416
Sea_cucumber 0.000085 0 203 5 268
Sea_cucumber 0.000093 408 0 416 29
Sea_cucumber 0.000112 370 0 416 6
Sea_cucumber 0.000127 371 409 416 416
Sea_cucumber 0.000128 384 413 409 416
Sea_cucumber 0.000140 394 0 416 5
Sea_cucumber 0.000140 411 394 416 414
Sea_cucumber 0.000195 11 410 76 415
Sea_cucumber 0.000225 0 0 6 7
Sea_cucumber 0.000253 0 409 8 416
Sea_cucumber 0.000300 1 411 24 416
Sea_cucumber 0.000303 394 412 414 416
Sea_cucumber 0.000421 410 409 415 416
Sea_cucumber 0.000437 0 408 40 415
Sea_cucumber 0.000443 412 1 416 22
Sea_cucumber 0.000876 17 411 38 415
Sea_cucumber 0.000880 409 0 416 7
