Sea_cucumber 0.000672 2 401 20 416
Sea_cucumber 0.000823 0 0 9 8
Sea_cucumber 0.000928 175 410 248 415
Sea_cucumber 0.001017 112 409 168 416
Sea_cucumber 0.001082 0 189 5 251
Sea_cucumber 0.001214 178 413 212 416
Sea_cucumber 0.001648 5 410 32 415
Sea_cucumber 0.001946 137 410 161 416
Sea_cucumber 0.002376 0 195 4 213
Sea_cucumber 0.003833 0 405 38 415
Sea_cucumber 0.004172 0 389 9 406
Sea_cucumber 0.004697 165 409 211 416
Sea_cucumber 0.005655 1 385 20 411
Sea_cucumber 0.006316 143 408 184 416
Sea_cucumber 0.013597 0 396 10 412
Sea_cucumber 0.017252 1 408 20 415
Sea_cucumber 0.023368 171 411 188 415
Sea_cucumber 0.043725 2 392 34 415
Sea_cucumber 0.984508 165 164 230 223
Sea_cucumber 0.995884 63 279 102 331
