Sea_cucumber 0.001247 94 380 147 416
Sea_cucumber 0.001461 1 408 8 415
Sea_cucumber 0.001636 2 409 20 415
Sea_cucumber 0.001719 157 29 170 75
Sea_cucumber 0.001872 62 111 91 134
Sea_cucumber 0.002008 408 0 415 7
Sea_cucumber 0.003241 75 50 128 92
Sea_cucumber 0.003946 410 0 415 57
Sea_cucumber 0.005092 0 93 7 156
Sea_cucumber 0.026099 293 369 340 390
Sea_cucumber 0.041784 65 378 110 415
Sea_cucumber 0.066449 0 104 15 165
Sea_cucumber 0.644124 0 132 13 163
Sea_cucumber 0.724516 93 380 109 416
Sea_cucumber 0.876322 11 280 100 334
Sea_cucumber 0.930786 112 17 171 75
Sea_cucumber 0.940630 143 150 191 205
Sea_cucumber 0.987140 189 354 223 416
Sea_cucumber 0.996610 282 198 330 277
Sea_cucumber 0.996895 193 229 245 269
