Sea_cucumber 0.000020 281 144 317 187
Sea_cucumber 0.000020 412 62 416 88
Sea_cucumber 0.000021 368 0 416 6
Sea_cucumber 0.000021 37 97 74 141
Sea_cucumber 0.000022 0 0 49 6
Sea_cucumber 0.000023 70 97 107 139
Sea_cucumber 0.000024 229 413 259 415
Sea_cucumber 0.000027 249 0 318 6
Sea_cucumber 0.000028 0 365 66 416
Sea_cucumber 0.000032 32 0 56 3
Sea_cucumber 0.000036 411 410 415 416
Sea_cucumber 0.000041 249 413 270 415
Sea_cucumber 0.000043 2 412 22 415
Sea_cucumber 0.000045 393 0 416 5
Sea_cucumber 0.000046 293 135 310 146
Sea_cucumber 0.000065 0 0 23 5
Sea_cucumber 0.000093 412 3 416 21
Sea_cucumber 0.000093 1 411 6 415
Sea_cucumber 0.000122 0 0 6 7
Sea_cucumber 0.000162 409 0 415 7
