Sea_cucumber 0.000325 0 3 10 38
Sea_cucumber 0.000327 15 412 39 416
Sea_cucumber 0.000349 164 408 211 416
Sea_cucumber 0.000379 407 0 416 28
Sea_cucumber 0.000417 397 6 416 32
Sea_cucumber 0.000432 410 0 416 11
Sea_cucumber 0.000473 0 19 8 67
Sea_cucumber 0.000484 100 408 164 415
Sea_cucumber 0.000601 410 355 416 404
Sea_cucumber 0.000620 76 408 124 416
Sea_cucumber 0.000629 413 376 416 400
Sea_cucumber 0.000684 0 410 10 416
Sea_cucumber 0.000718 142 408 186 416
Sea_cucumber 0.000799 0 20 8 37
Sea_cucumber 0.001324 267 0 286 4
Sea_cucumber 0.001432 212 194 243 216
Sea_cucumber 0.001549 411 2 416 23
Sea_cucumber 0.001550 2 411 22 416
Sea_cucumber 0.002138 161 410 183 416
Sea_cucumber 0.002574 97 409 120 416
