Sea_cucumber 0.000008 10 413 29 415
Sea_cucumber 0.000008 215 34 280 75
Sea_cucumber 0.000008 350 412 362 415
Sea_cucumber 0.000009 242 313 416 416
Sea_cucumber 0.000009 325 372 416 398
Sea_cucumber 0.000009 409 355 413 386
Sea_cucumber 0.000011 332 413 348 415
Sea_cucumber 0.000011 411 348 413 381
Sea_cucumber 0.000013 4 413 20 415
Sea_cucumber 0.000014 86 413 114 415
Sea_cucumber 0.000014 217 1 278 44
Sea_cucumber 0.000015 370 365 376 375
Sea_cucumber 0.000015 342 412 354 415
Sea_cucumber 0.000018 368 355 377 369
Sea_cucumber 0.000023 271 361 416 415
Sea_cucumber 0.000027 374 357 385 367
Sea_cucumber 0.000028 0 0 5 6
Sea_cucumber 0.000037 326 295 411 405
Sea_cucumber 0.000042 409 1 415 8
Sea_cucumber 0.000048 1 410 5 415
