Sea_cucumber 0.000786 42 0 108 7
Sea_cucumber 0.000802 410 73 416 96
Sea_cucumber 0.000859 410 116 416 131
Sea_cucumber 0.001036 0 41 7 62
Sea_cucumber 0.001331 409 73 415 126
Sea_cucumber 0.001547 49 405 86 415
Sea_cucumber 0.001603 0 0 27 20
Sea_cucumber 0.001811 222 295 270 338
Sea_cucumber 0.002204 35 330 52 367
Sea_cucumber 0.002234 381 168 411 195
Sea_cucumber 0.002481 4 0 21 10
Sea_cucumber 0.003203 126 271 156 316
Sea_cucumber 0.003935 40 397 82 416
Sea_cucumber 0.004629 342 322 358 361
Sea_cucumber 0.006249 234 300 251 331
Sea_cucumber 0.006861 211 301 244 331
Sea_cucumber 0.010308 13 0 30 11
Sea_cucumber 0.013698 6 0 103 18
Sea_cucumber 0.014433 12 0 44 18
Sea_cucumber 0.021281 13 1 91 10
