Sea_cucumber 0.001192 142 409 169 415
Sea_cucumber 0.001208 264 79 285 92
Sea_cucumber 0.001716 163 251 177 283
Sea_cucumber 0.001948 148 274 163 306
Sea_cucumber 0.002171 129 261 175 305
Sea_cucumber 0.002509 0 0 7 8
Sea_cucumber 0.003351 137 400 156 412
Sea_cucumber 0.003631 145 405 196 415
Sea_cucumber 0.004811 119 278 134 305
Sea_cucumber 0.005060 167 239 192 266
Sea_cucumber 0.007172 156 243 183 292
Sea_cucumber 0.007666 131 403 167 416
Sea_cucumber 0.008330 263 85 286 96
Sea_cucumber 0.008751 133 405 148 415
Sea_cucumber 0.060309 154 258 172 296
Sea_cucumber 0.202660 255 72 286 96
Sea_cucumber 0.205100 179 240 192 276
Sea_cucumber 0.325416 138 399 187 413
Sea_cucumber 0.389776 6 39 47 67
Sea_cucumber 0.845279 82 13 121 38
