Sea_cucumber 0.000837 407 348 416 379
Sea_cucumber 0.000847 19 410 39 416
Sea_cucumber 0.000851 0 407 41 416
Sea_cucumber 0.001020 411 345 416 369
Sea_cucumber 0.001055 409 202 416 254
Sea_cucumber 0.001201 0 376 10 389
Sea_cucumber 0.001793 128 287 172 328
Sea_cucumber 0.001810 332 235 349 247
Sea_cucumber 0.001910 5 374 19 390
Sea_cucumber 0.001915 408 358 415 402
Sea_cucumber 0.002129 407 216 415 275
Sea_cucumber 0.003869 0 386 20 416
Sea_cucumber 0.005673 10 374 26 401
Sea_cucumber 0.006225 1 381 34 409
Sea_cucumber 0.009386 408 358 415 371
Sea_cucumber 0.025690 0 382 13 396
Sea_cucumber 0.418162 1 377 19 401
Sea_cucumber 0.453030 396 220 415 280
Sea_cucumber 0.825635 142 288 169 311
Sea_cucumber 0.980142 178 123 224 139
