Sea_cucumber 0.000068 277 413 291 415
Sea_cucumber 0.000069 265 413 289 416
Sea_cucumber 0.000071 254 0 282 3
Sea_cucumber 0.000084 226 0 294 6
Sea_cucumber 0.000094 205 410 283 416
Sea_cucumber 0.000096 133 410 211 415
Sea_cucumber 0.000101 0 0 7 6
Sea_cucumber 0.000103 58 411 125 415
Sea_cucumber 0.000156 2 412 22 415
Sea_cucumber 0.000182 1 411 7 416
Sea_cucumber 0.000206 0 341 4 356
Sea_cucumber 0.000300 267 0 286 5
Sea_cucumber 0.000323 85 414 114 416
Sea_cucumber 0.000556 281 5 288 15
Sea_cucumber 0.001125 277 1 290 6
Sea_cucumber 0.003273 98 413 134 415
Sea_cucumber 0.004650 123 412 154 415
Sea_cucumber 0.005792 113 409 166 415
Sea_cucumber 0.011018 90 410 141 415
Sea_cucumber 0.027260 122 411 140 415
