Sea_cucumber 0.000240 409 5 415 51
Sea_cucumber 0.000261 410 2 416 22
Sea_cucumber 0.000269 410 27 416 76
Sea_cucumber 0.000287 86 413 114 416
Sea_cucumber 0.000294 353 0 374 3
Sea_cucumber 0.000322 408 0 416 7
Sea_cucumber 0.000324 382 179 411 196
Sea_cucumber 0.000413 132 251 146 284
Sea_cucumber 0.000462 412 32 416 55
Sea_cucumber 0.000508 0 363 5 380
Sea_cucumber 0.000554 0 364 19 416
Sea_cucumber 0.000650 350 149 365 176
Sea_cucumber 0.001238 0 395 19 414
Sea_cucumber 0.001268 0 387 7 409
Sea_cucumber 0.001470 111 253 140 283
Sea_cucumber 0.001757 0 408 20 415
Sea_cucumber 0.001838 141 253 154 269
Sea_cucumber 0.005826 0 366 8 410
Sea_cucumber 0.006730 0 406 9 414
Sea_cucumber 0.015435 0 399 9 411
