Sea_cucumber 0.002294 115 275 133 311
Sea_cucumber 0.002552 407 322 415 338
Sea_cucumber 0.002664 0 175 5 233
Sea_cucumber 0.002757 395 308 416 338
Sea_cucumber 0.003512 61 0 87 5
Sea_cucumber 0.004357 0 0 6 8
Sea_cucumber 0.005837 55 0 96 8
Sea_cucumber 0.006128 0 206 6 248
Sea_cucumber 0.008924 31 0 74 8
Sea_cucumber 0.010742 227 391 245 416
Sea_cucumber 0.011849 215 363 228 400
Sea_cucumber 0.014407 0 211 5 230
Sea_cucumber 0.091900 58 0 75 7
Sea_cucumber 0.184740 110 291 133 323
Sea_cucumber 0.677980 238 261 264 306
Sea_cucumber 0.720860 47 391 105 411
Sea_cucumber 0.722735 330 183 394 197
Sea_cucumber 0.742494 216 366 244 414
Sea_cucumber 0.829800 383 292 414 339
Sea_cucumber 0.984536 134 172 167 221
