Sea_cucumber 0.000073 289 0 359 5
Sea_cucumber 0.000076 284 410 347 415
Sea_cucumber 0.000077 339 0 371 2
Sea_cucumber 0.000092 337 410 391 416
Sea_cucumber 0.000113 249 1 335 6
Sea_cucumber 0.000130 4 412 21 416
Sea_cucumber 0.000139 350 412 377 416
Sea_cucumber 0.000146 410 396 416 414
Sea_cucumber 0.000154 0 410 7 416
Sea_cucumber 0.000159 318 409 362 416
Sea_cucumber 0.000171 395 411 414 415
Sea_cucumber 0.000215 321 412 344 415
Sea_cucumber 0.000320 214 0 258 6
Sea_cucumber 0.000370 329 0 351 2
Sea_cucumber 0.000501 232 0 287 5
Sea_cucumber 0.000539 410 409 416 415
Sea_cucumber 0.000749 245 0 273 3
Sea_cucumber 0.001017 337 411 358 416
Sea_cucumber 0.001167 224 0 249 3
Sea_cucumber 0.011774 237 0 253 3
