Sea_cucumber 0.001182 0 408 9 416
Sea_cucumber 0.001442 72 0 112 7
Sea_cucumber 0.001442 1 307 9 328
Sea_cucumber 0.001501 0 195 9 214
Sea_cucumber 0.001523 0 305 20 328
Sea_cucumber 0.002364 0 272 7 330
Sea_cucumber 0.002543 1 182 32 244
Sea_cucumber 0.002660 0 324 9 371
Sea_cucumber 0.002987 355 346 374 378
Sea_cucumber 0.005189 0 171 12 206
Sea_cucumber 0.007004 0 315 18 373
Sea_cucumber 0.007221 0 193 13 229
Sea_cucumber 0.007551 0 322 12 336
Sea_cucumber 0.015364 356 338 388 372
Sea_cucumber 0.017171 297 232 337 252
Sea_cucumber 0.040852 0 284 20 336
Sea_cucumber 0.196765 0 177 20 215
Sea_cucumber 0.338141 86 170 127 190
Sea_cucumber 0.509256 0 314 18 335
Sea_cucumber 0.993729 0 245 35 302
