Sea_cucumber 0.000282 394 410 415 416
Sea_cucumber 0.000306 389 395 415 413
Sea_cucumber 0.000319 1 411 22 415
Sea_cucumber 0.000339 95 411 117 416
Sea_cucumber 0.000359 207 413 231 416
Sea_cucumber 0.000378 0 409 8 416
Sea_cucumber 0.000385 74 407 109 416
Sea_cucumber 0.000400 85 408 130 416
Sea_cucumber 0.000437 409 390 415 404
Sea_cucumber 0.000484 227 347 260 362
Sea_cucumber 0.000485 220 337 254 360
Sea_cucumber 0.000535 410 408 416 416
Sea_cucumber 0.000564 73 411 96 416
Sea_cucumber 0.000695 408 397 415 411
Sea_cucumber 0.000871 393 1 413 6
Sea_cucumber 0.002737 90 409 107 416
Sea_cucumber 0.003821 128 293 225 369
Sea_cucumber 0.005300 149 295 194 309
Sea_cucumber 0.345425 6 286 45 318
Sea_cucumber 0.448726 121 294 192 321
