Sea_cucumber 0.000387 410 409 415 416
Sea_cucumber 0.000410 408 0 415 5
Sea_cucumber 0.000463 411 210 416 262
Sea_cucumber 0.000479 119 25 148 42
Sea_cucumber 0.000531 0 411 22 415
Sea_cucumber 0.000576 125 163 202 179
Sea_cucumber 0.000654 172 62 186 75
Sea_cucumber 0.000833 413 216 416 238
Sea_cucumber 0.001036 151 51 182 73
Sea_cucumber 0.001060 140 0 157 25
Sea_cucumber 0.001159 176 52 211 70
Sea_cucumber 0.001450 0 409 7 415
Sea_cucumber 0.001474 180 55 198 79
Sea_cucumber 0.003801 103 117 197 183
Sea_cucumber 0.029198 228 188 258 218
Sea_cucumber 0.372092 158 54 202 77
Sea_cucumber 0.461667 119 0 156 38
Sea_cucumber 0.931331 339 25 393 80
Sea_cucumber 0.937987 115 119 162 166
Sea_cucumber 0.963685 116 150 220 180
