Sea_cucumber 0.009000 41 378 58 401
Sea_cucumber 0.009196 238 406 284 416
Sea_cucumber 0.018838 183 39 214 62
Sea_cucumber 0.018869 0 6 18 33
Sea_cucumber 0.036799 265 405 285 416
Sea_cucumber 0.045306 392 57 416 77
Sea_cucumber 0.049908 173 360 200 381
Sea_cucumber 0.053847 0 10 9 28
Sea_cucumber 0.057445 306 21 340 48
Sea_cucumber 0.069831 0 258 12 274
Sea_cucumber 0.223414 24 349 58 402
Sea_cucumber 0.323897 0 249 17 273
Sea_cucumber 0.518267 84 176 103 232
Sea_cucumber 0.519349 275 20 328 36
Sea_cucumber 0.533807 44 38 68 83
Sea_cucumber 0.556459 262 396 291 416
Sea_cucumber 0.667913 309 359 375 374
Sea_cucumber 0.940183 130 212 160 261
Sea_cucumber 0.967925 13 92 53 149
Sea_cucumber 0.976610 159 10 215 63
