Sea_cucumber 0.000055 1 411 23 415
Sea_cucumber 0.000064 413 246 416 287
Sea_cucumber 0.000066 413 56 416 81
Sea_cucumber 0.000068 0 361 4 382
Sea_cucumber 0.000075 377 406 415 416
Sea_cucumber 0.000085 0 0 6 6
Sea_cucumber 0.000090 0 357 4 372
Sea_cucumber 0.000096 0 1 4 23
Sea_cucumber 0.000103 397 394 413 416
Sea_cucumber 0.000105 381 392 411 415
Sea_cucumber 0.000184 409 396 415 415
Sea_cucumber 0.000185 412 222 416 252
Sea_cucumber 0.000194 0 37 3 49
Sea_cucumber 0.000204 402 235 415 323
Sea_cucumber 0.000225 387 410 408 416
Sea_cucumber 0.000261 410 214 416 259
Sea_cucumber 0.000597 408 407 415 416
Sea_cucumber 0.001072 397 408 411 416
Sea_cucumber 0.001329 410 236 416 282
Sea_cucumber 0.007960 411 242 415 259
