Sea_cucumber 0.000195 369 410 416 416
Sea_cucumber 0.000199 1 0 23 4
Sea_cucumber 0.000202 407 119 415 160
Sea_cucumber 0.000211 409 137 416 159
Sea_cucumber 0.000296 116 0 147 3
Sea_cucumber 0.000297 354 413 376 415
Sea_cucumber 0.000325 0 323 5 339
Sea_cucumber 0.000378 408 154 415 206
Sea_cucumber 0.000388 406 136 415 176
Sea_cucumber 0.000395 0 0 7 5
Sea_cucumber 0.000428 371 0 416 6
Sea_cucumber 0.000448 0 410 7 415
Sea_cucumber 0.000545 361 412 384 415
Sea_cucumber 0.000619 103 0 161 7
Sea_cucumber 0.000676 394 412 415 416
Sea_cucumber 0.000739 406 0 415 6
Sea_cucumber 0.000776 412 5 416 20
Sea_cucumber 0.000985 395 0 414 4
Sea_cucumber 0.000998 398 146 415 182
Sea_cucumber 0.001316 410 410 415 416
