Sea_cucumber 0.000232 0 0 8 6
Sea_cucumber 0.000243 388 80 405 104
Sea_cucumber 0.000253 411 397 416 413
Sea_cucumber 0.000260 391 58 416 81
Sea_cucumber 0.000272 0 408 10 416
Sea_cucumber 0.000346 269 409 284 416
Sea_cucumber 0.000371 409 99 416 117
Sea_cucumber 0.000475 397 93 415 121
Sea_cucumber 0.000621 409 53 415 71
Sea_cucumber 0.000701 410 407 416 415
Sea_cucumber 0.000709 87 86 116 112
Sea_cucumber 0.000728 409 73 415 94
Sea_cucumber 0.000803 383 89 413 109
Sea_cucumber 0.000853 161 0 181 5
Sea_cucumber 0.001220 407 83 415 102
Sea_cucumber 0.004640 394 61 415 115
Sea_cucumber 0.005376 397 79 414 105
Sea_cucumber 0.014558 400 59 413 91
Sea_cucumber 0.014672 405 60 414 78
Sea_cucumber 0.963331 123 154 170 200
