Sea_cucumber 0.000582 344 389 379 416
Sea_cucumber 0.000627 267 412 302 415
Sea_cucumber 0.000678 0 25 5 47
Sea_cucumber 0.000723 337 354 353 389
Sea_cucumber 0.000862 318 379 363 401
Sea_cucumber 0.001015 124 162 148 206
Sea_cucumber 0.001137 345 409 367 416
Sea_cucumber 0.001149 293 395 355 414
Sea_cucumber 0.001285 329 405 366 416
Sea_cucumber 0.001828 286 407 346 415
Sea_cucumber 0.002051 340 339 367 410
Sea_cucumber 0.002798 257 409 311 415
Sea_cucumber 0.005728 289 410 309 415
Sea_cucumber 0.020133 126 175 141 203
Sea_cucumber 0.060345 290 380 369 412
Sea_cucumber 0.062088 345 317 356 364
Sea_cucumber 0.286262 334 383 365 413
Sea_cucumber 0.355659 337 319 358 391
Sea_cucumber 0.392363 79 141 120 172
Sea_cucumber 0.758235 202 372 273 388
