Sea_cucumber 0.001201 406 0 416 6
Sea_cucumber 0.001241 410 126 416 184
Sea_cucumber 0.001375 410 70 416 130
Sea_cucumber 0.002186 411 10 416 31
Sea_cucumber 0.002681 394 0 413 5
Sea_cucumber 0.003477 408 122 416 155
Sea_cucumber 0.003563 0 255 5 311
Sea_cucumber 0.004044 398 3 415 38
Sea_cucumber 0.004743 412 136 416 157
Sea_cucumber 0.005157 140 27 162 77
Sea_cucumber 0.005504 134 192 150 212
Sea_cucumber 0.008868 409 20 415 37
Sea_cucumber 0.009111 408 29 415 39
Sea_cucumber 0.015828 0 237 6 281
Sea_cucumber 0.020762 409 104 416 143
Sea_cucumber 0.052352 0 257 5 278
Sea_cucumber 0.079554 410 125 416 140
Sea_cucumber 0.486905 85 300 117 332
Sea_cucumber 0.864296 135 189 180 208
Sea_cucumber 0.927857 136 282 188 317
