Sea_cucumber 0.003937 409 284 416 331
Sea_cucumber 0.004244 408 0 415 8
Sea_cucumber 0.004376 146 394 183 416
Sea_cucumber 0.004391 168 397 206 415
Sea_cucumber 0.005074 410 290 416 308
Sea_cucumber 0.006063 173 195 204 224
Sea_cucumber 0.009224 189 176 218 202
Sea_cucumber 0.011043 173 410 201 416
Sea_cucumber 0.011771 409 285 415 299
Sea_cucumber 0.012601 154 406 188 416
Sea_cucumber 0.016423 379 390 412 415
Sea_cucumber 0.019527 313 280 349 305
Sea_cucumber 0.030145 182 177 214 223
Sea_cucumber 0.030583 138 163 196 200
Sea_cucumber 0.053360 171 407 187 416
Sea_cucumber 0.087954 135 159 163 185
Sea_cucumber 0.113568 153 377 193 400
Sea_cucumber 0.770225 122 31 188 60
Sea_cucumber 0.938061 384 91 403 169
Sea_cucumber 0.974950 285 92 332 113
