Sea_cucumber 0.000523 28 174 48 200
Sea_cucumber 0.000523 2 367 35 416
Sea_cucumber 0.000545 0 331 5 350
Sea_cucumber 0.000584 0 383 4 411
Sea_cucumber 0.000667 4 411 33 415
Sea_cucumber 0.000707 0 350 6 410
Sea_cucumber 0.000959 194 0 212 2
Sea_cucumber 0.001043 0 398 59 415
Sea_cucumber 0.001105 0 332 8 379
Sea_cucumber 0.001147 108 381 145 396
Sea_cucumber 0.001313 409 188 416 202
Sea_cucumber 0.001556 180 245 228 264
Sea_cucumber 0.002334 300 0 318 4
Sea_cucumber 0.002844 1 375 9 416
Sea_cucumber 0.003062 1 336 17 415
Sea_cucumber 0.004578 0 406 42 415
Sea_cucumber 0.005717 0 395 19 416
Sea_cucumber 0.009432 0 399 8 413
Sea_cucumber 0.020066 177 252 203 265
Sea_cucumber 0.048592 0 406 11 415
