Sea_cucumber 0.000818 0 289 4 325
Sea_cucumber 0.000818 290 53 380 116
Sea_cucumber 0.000902 108 410 124 415
Sea_cucumber 0.000915 1 243 4 278
Sea_cucumber 0.000985 407 327 415 368
Sea_cucumber 0.001439 409 409 415 415
Sea_cucumber 0.001476 0 269 13 352
Sea_cucumber 0.001501 406 165 415 212
Sea_cucumber 0.002152 398 192 415 230
Sea_cucumber 0.002435 407 194 415 212
Sea_cucumber 0.004807 0 258 4 296
Sea_cucumber 0.005259 0 217 6 288
Sea_cucumber 0.007799 0 288 6 308
Sea_cucumber 0.007825 396 175 414 215
Sea_cucumber 0.015752 0 275 7 324
Sea_cucumber 0.039864 0 226 13 302
Sea_cucumber 0.152577 0 281 8 301
Sea_cucumber 0.340198 0 250 8 301
Sea_cucumber 0.707912 383 170 407 227
Sea_cucumber 0.902289 299 70 353 106
