Sea_cucumber 0.002215 0 349 7 394
Sea_cucumber 0.002874 0 268 17 359
Sea_cucumber 0.002931 109 409 121 415
Sea_cucumber 0.003514 0 329 17 367
Sea_cucumber 0.004725 111 70 125 98
Sea_cucumber 0.006278 0 128 8 167
Sea_cucumber 0.009874 310 115 337 129
Sea_cucumber 0.012212 0 137 5 157
Sea_cucumber 0.054703 0 316 8 365
Sea_cucumber 0.389853 0 348 10 364
Sea_cucumber 0.515071 15 266 39 315
Sea_cucumber 0.538032 115 52 144 95
Sea_cucumber 0.559130 311 93 341 127
Sea_cucumber 0.643614 94 1 116 58
Sea_cucumber 0.762212 55 336 98 381
Sea_cucumber 0.777566 164 373 190 403
Sea_cucumber 0.780917 289 27 313 78
Sea_cucumber 0.926202 193 109 226 150
Sea_cucumber 0.975431 1 43 43 57
Sea_cucumber 0.995383 343 195 383 245
