Sea_cucumber 0.010863 338 409 389 415
Sea_cucumber 0.012284 314 409 366 415
Sea_cucumber 0.014348 411 117 416 196
Sea_cucumber 0.017404 106 409 175 415
Sea_cucumber 0.023652 383 303 415 331
Sea_cucumber 0.026025 338 411 359 415
Sea_cucumber 0.034353 412 172 416 202
Sea_cucumber 0.035102 32 0 103 55
Sea_cucumber 0.038515 403 110 416 199
Sea_cucumber 0.060694 154 408 222 415
Sea_cucumber 0.402195 409 155 415 204
Sea_cucumber 0.440942 146 408 182 415
Sea_cucumber 0.616590 395 312 415 334
Sea_cucumber 0.647669 15 268 86 295
Sea_cucumber 0.657710 383 268 415 323
Sea_cucumber 0.866498 125 313 148 379
Sea_cucumber 0.918094 30 0 60 55
Sea_cucumber 0.993842 0 107 35 175
Sea_cucumber 0.994454 316 103 402 144
Sea_cucumber 0.999049 352 196 410 245
