Sea_cucumber 0.000196 0 410 8 416
Sea_cucumber 0.000202 322 411 343 415
Sea_cucumber 0.000212 411 409 416 416
Sea_cucumber 0.000220 159 0 187 4
Sea_cucumber 0.000281 0 292 6 306
Sea_cucumber 0.000287 214 100 228 116
Sea_cucumber 0.000359 25 408 64 416
Sea_cucumber 0.000359 0 198 3 226
Sea_cucumber 0.000370 170 125 190 136
Sea_cucumber 0.000375 228 76 239 93
Sea_cucumber 0.000386 331 410 348 415
Sea_cucumber 0.000413 409 305 416 342
Sea_cucumber 0.000551 0 233 5 286
Sea_cucumber 0.000599 339 159 360 170
Sea_cucumber 0.000816 409 319 415 360
Sea_cucumber 0.000836 0 200 5 254
Sea_cucumber 0.001137 197 97 227 118
Sea_cucumber 0.001652 42 410 62 415
Sea_cucumber 0.002712 0 240 3 262
Sea_cucumber 0.002973 410 323 416 339
