Sea_cucumber 0.000008 359 413 384 415
Sea_cucumber 0.000009 1 56 4 78
Sea_cucumber 0.000010 0 2 3 20
Sea_cucumber 0.000010 343 413 369 415
Sea_cucumber 0.000011 224 413 249 415
Sea_cucumber 0.000011 2 0 22 4
Sea_cucumber 0.000011 0 177 3 197
Sea_cucumber 0.000012 413 2 416 20
Sea_cucumber 0.000012 261 185 308 205
Sea_cucumber 0.000013 303 81 345 101
Sea_cucumber 0.000014 4 412 20 415
Sea_cucumber 0.000015 412 397 416 413
Sea_cucumber 0.000017 385 413 407 415
Sea_cucumber 0.000021 394 1 414 4
Sea_cucumber 0.000029 0 397 3 411
Sea_cucumber 0.000044 396 412 413 416
Sea_cucumber 0.000050 0 0 6 6
Sea_cucumber 0.000062 0 410 6 415
Sea_cucumber 0.000079 409 0 415 6
Sea_cucumber 0.000234 410 410 415 415
