Sea_cucumber 0.000042 0 308 4 322
Sea_cucumber 0.000048 409 101 415 146
Sea_cucumber 0.000056 326 0 354 4
Sea_cucumber 0.000057 0 340 60 416
Sea_cucumber 0.000059 409 0 416 6
Sea_cucumber 0.000066 1 412 9 415
Sea_cucumber 0.000069 0 299 4 317
Sea_cucumber 0.000073 0 209 3 231
Sea_cucumber 0.000079 317 0 363 7
Sea_cucumber 0.000083 408 77 415 121
Sea_cucumber 0.000087 357 0 385 3
Sea_cucumber 0.000092 409 46 416 92
Sea_cucumber 0.000094 118 289 145 309
Sea_cucumber 0.000098 0 0 7 6
Sea_cucumber 0.000134 411 62 416 92
Sea_cucumber 0.000142 343 0 385 6
Sea_cucumber 0.000313 379 87 411 111
Sea_cucumber 0.000658 409 75 416 93
Sea_cucumber 0.002330 378 89 394 109
Sea_cucumber 0.002961 347 0 363 3
