Sea_cucumber 0.003985 381 367 411 387
Sea_cucumber 0.004002 0 392 19 413
Sea_cucumber 0.004915 22 257 52 276
Sea_cucumber 0.005784 0 390 9 404
Sea_cucumber 0.006854 294 138 317 157
Sea_cucumber 0.007351 407 221 415 236
Sea_cucumber 0.008989 18 47 50 69
Sea_cucumber 0.011845 407 227 415 246
Sea_cucumber 0.013909 133 311 147 336
Sea_cucumber 0.015012 399 210 415 246
Sea_cucumber 0.015809 91 0 125 9
Sea_cucumber 0.022152 235 204 270 223
Sea_cucumber 0.031673 57 248 75 276
Sea_cucumber 0.072074 10 47 39 92
Sea_cucumber 0.079622 378 345 408 386
Sea_cucumber 0.151355 364 116 392 148
Sea_cucumber 0.348099 28 325 60 365
Sea_cucumber 0.393134 338 307 373 321
Sea_cucumber 0.423979 10 58 24 93
Sea_cucumber 0.942398 105 267 136 326
