Sea_cucumber 0.000479 98 410 117 415
Sea_cucumber 0.000489 221 0 249 4
Sea_cucumber 0.000493 0 195 21 229
Sea_cucumber 0.000546 133 3 160 21
Sea_cucumber 0.000597 149 409 212 416
Sea_cucumber 0.000609 85 246 114 276
Sea_cucumber 0.000612 412 52 416 68
Sea_cucumber 0.000796 313 337 330 357
Sea_cucumber 0.000879 208 412 246 416
Sea_cucumber 0.000955 219 0 269 6
Sea_cucumber 0.001164 345 0 366 4
Sea_cucumber 0.001369 206 409 281 416
Sea_cucumber 0.001860 50 203 86 220
Sea_cucumber 0.002408 180 412 213 416
Sea_cucumber 0.004859 169 353 186 374
Sea_cucumber 0.010094 183 409 223 416
Sea_cucumber 0.013164 199 409 241 416
Sea_cucumber 0.037983 197 411 214 415
Sea_cucumber 0.083386 205 410 219 415
Sea_cucumber 0.972271 384 125 413 182
