Sea_cucumber 0.000055 18 410 36 416
Sea_cucumber 0.000058 0 404 29 416
Sea_cucumber 0.000059 2 382 21 412
Sea_cucumber 0.000060 0 0 6 6
Sea_cucumber 0.000064 191 412 216 415
Sea_cucumber 0.000069 0 376 8 416
Sea_cucumber 0.000082 0 371 5 389
Sea_cucumber 0.000086 0 100 4 116
Sea_cucumber 0.000107 151 335 217 378
Sea_cucumber 0.000122 411 410 415 415
Sea_cucumber 0.000124 0 409 8 416
Sea_cucumber 0.000126 12 307 69 347
Sea_cucumber 0.000142 12 408 28 415
Sea_cucumber 0.000142 2 409 22 416
Sea_cucumber 0.000156 122 8 140 29
Sea_cucumber 0.000169 119 13 131 28
Sea_cucumber 0.000207 0 325 7 338
Sea_cucumber 0.000311 146 0 166 3
Sea_cucumber 0.000374 6 395 33 415
Sea_cucumber 0.000610 13 305 43 330
