Sea_cucumber 0.002288 228 411 257 415
Sea_cucumber 0.002495 244 409 260 415
Sea_cucumber 0.003032 0 123 6 171
Sea_cucumber 0.003198 0 129 6 147
Sea_cucumber 0.003485 56 371 76 403
Sea_cucumber 0.003521 0 247 25 269
Sea_cucumber 0.005310 33 337 81 388
Sea_cucumber 0.006437 0 240 27 293
Sea_cucumber 0.007041 0 239 10 253
Sea_cucumber 0.007259 7 41 30 95
Sea_cucumber 0.008059 58 339 88 386
Sea_cucumber 0.018567 218 408 255 415
Sea_cucumber 0.019752 0 235 23 257
Sea_cucumber 0.087599 11 38 27 63
Sea_cucumber 0.156364 0 246 19 258
Sea_cucumber 0.411557 8 252 38 297
Sea_cucumber 0.411692 74 345 89 382
Sea_cucumber 0.499886 45 353 75 401
Sea_cucumber 0.682349 221 13 265 38
Sea_cucumber 0.947668 102 366 131 414
