Sea_cucumber 0.001051 0 84 4 100
Sea_cucumber 0.001098 52 409 99 416
Sea_cucumber 0.001145 321 0 375 19
Sea_cucumber 0.001151 380 317 414 365
Sea_cucumber 0.001217 0 154 5 172
Sea_cucumber 0.001256 130 410 150 415
Sea_cucumber 0.001363 0 159 18 186
Sea_cucumber 0.001604 368 0 389 4
Sea_cucumber 0.002902 382 264 415 337
Sea_cucumber 0.003383 361 0 416 7
Sea_cucumber 0.004092 332 1 364 4
Sea_cucumber 0.006125 76 410 94 415
Sea_cucumber 0.006541 357 0 381 5
Sea_cucumber 0.021086 295 0 369 7
Sea_cucumber 0.585002 335 0 378 7
Sea_cucumber 0.822418 165 194 201 236
Sea_cucumber 0.908552 382 312 415 339
Sea_cucumber 0.950696 298 199 331 226
Sea_cucumber 0.992801 2 113 41 167
Sea_cucumber 0.998164 352 349 388 414
