Sea_cucumber 0.000044 1 77 3 123
Sea_cucumber 0.000050 393 0 416 5
Sea_cucumber 0.000052 194 413 213 416
Sea_cucumber 0.000054 2 111 17 193
Sea_cucumber 0.000054 185 411 208 415
Sea_cucumber 0.000056 0 130 3 164
Sea_cucumber 0.000057 186 398 209 406
Sea_cucumber 0.000059 154 279 207 318
Sea_cucumber 0.000060 0 0 7 6
Sea_cucumber 0.000075 411 410 415 415
Sea_cucumber 0.000080 308 275 339 295
Sea_cucumber 0.000082 1 410 6 415
Sea_cucumber 0.000098 0 120 5 191
Sea_cucumber 0.000110 409 0 415 7
Sea_cucumber 0.000292 1 97 3 135
Sea_cucumber 0.000303 183 388 209 406
Sea_cucumber 0.000443 1 61 14 146
Sea_cucumber 0.000524 0 107 6 155
Sea_cucumber 0.001668 0 74 5 142
Sea_cucumber 0.002369 0 122 3 142
