Sea_cucumber 0.000032 0 114 6 165
Sea_cucumber 0.000033 68 393 100 414
Sea_cucumber 0.000033 397 40 416 106
Sea_cucumber 0.000044 3 394 35 415
Sea_cucumber 0.000045 0 169 4 191
Sea_cucumber 0.000052 411 0 416 7
Sea_cucumber 0.000052 6 362 36 415
Sea_cucumber 0.000054 0 410 8 416
Sea_cucumber 0.000055 0 349 7 395
Sea_cucumber 0.000058 410 296 415 322
Sea_cucumber 0.000061 0 409 57 415
Sea_cucumber 0.000065 409 272 415 327
Sea_cucumber 0.000067 0 183 5 208
Sea_cucumber 0.000067 271 1 296 5
Sea_cucumber 0.000074 16 412 39 415
Sea_cucumber 0.000080 0 157 7 202
Sea_cucumber 0.000092 0 149 5 164
Sea_cucumber 0.000116 8 411 32 415
Sea_cucumber 0.000124 407 299 415 333
Sea_cucumber 0.000378 399 258 416 335
