Sea_cucumber 0.000051 0 0 3 23
Sea_cucumber 0.000051 283 413 317 415
Sea_cucumber 0.000051 372 409 416 416
Sea_cucumber 0.000054 301 410 363 415
Sea_cucumber 0.000056 269 410 331 415
Sea_cucumber 0.000059 1 0 22 4
Sea_cucumber 0.000061 332 413 363 415
Sea_cucumber 0.000062 2 413 20 416
Sea_cucumber 0.000068 109 413 139 415
Sea_cucumber 0.000074 192 413 216 415
Sea_cucumber 0.000108 97 413 120 416
Sea_cucumber 0.000112 377 412 398 415
Sea_cucumber 0.000158 395 412 413 416
Sea_cucumber 0.000212 395 1 415 6
Sea_cucumber 0.000216 411 410 415 416
Sea_cucumber 0.000325 0 0 6 6
Sea_cucumber 0.000346 1 410 6 415
Sea_cucumber 0.000501 408 1 415 7
Sea_cucumber 0.001469 275 292 306 319
Sea_cucumber 0.362900 268 282 303 306
