Sea_cucumber 0.000111 0 397 28 414
Sea_cucumber 0.000132 0 409 48 415
Sea_cucumber 0.000134 127 413 153 416
Sea_cucumber 0.000145 258 215 294 241
Sea_cucumber 0.000149 412 398 415 412
Sea_cucumber 0.000149 392 0 416 5
Sea_cucumber 0.000214 0 381 3 412
Sea_cucumber 0.000260 394 412 415 416
Sea_cucumber 0.000265 410 13 416 57
Sea_cucumber 0.000297 409 0 415 7
Sea_cucumber 0.000319 410 3 416 36
Sea_cucumber 0.000361 0 61 4 76
Sea_cucumber 0.000441 412 2 415 23
Sea_cucumber 0.000544 0 373 6 416
Sea_cucumber 0.000663 410 408 415 415
Sea_cucumber 0.000894 0 411 21 415
Sea_cucumber 0.001032 0 396 5 413
Sea_cucumber 0.001166 412 23 416 46
Sea_cucumber 0.005729 0 408 7 415
Sea_cucumber 0.006165 411 20 416 34
