Sea_cucumber 0.000127 0 409 6 416
Sea_cucumber 0.000142 229 20 259 40
Sea_cucumber 0.000167 237 0 268 3
Sea_cucumber 0.000171 0 338 6 390
Sea_cucumber 0.000179 396 411 414 416
Sea_cucumber 0.000183 0 236 6 251
Sea_cucumber 0.000198 411 396 416 414
Sea_cucumber 0.000201 135 0 158 4
Sea_cucumber 0.000203 388 142 405 173
Sea_cucumber 0.000209 104 0 145 8
Sea_cucumber 0.000223 123 0 156 9
Sea_cucumber 0.000368 0 378 3 413
Sea_cucumber 0.000415 241 25 259 45
Sea_cucumber 0.000465 413 224 416 246
Sea_cucumber 0.000545 0 94 8 106
Sea_cucumber 0.000880 410 407 416 415
Sea_cucumber 0.001148 124 0 142 6
Sea_cucumber 0.003799 0 369 5 390
Sea_cucumber 0.003840 269 177 286 197
Sea_cucumber 0.006384 1 365 6 411
