Sea_cucumber 0.000810 4 332 16 349
Sea_cucumber 0.000964 216 413 240 416
Sea_cucumber 0.000982 0 304 4 330
Sea_cucumber 0.002240 1 335 6 359
Sea_cucumber 0.002274 0 326 58 362
Sea_cucumber 0.002416 242 399 292 415
Sea_cucumber 0.002739 0 334 10 376
Sea_cucumber 0.005188 259 413 291 416
Sea_cucumber 0.005800 0 293 8 340
Sea_cucumber 0.006212 0 308 18 342
Sea_cucumber 0.006599 152 6 178 30
Sea_cucumber 0.008331 210 410 264 415
Sea_cucumber 0.009821 228 412 260 415
Sea_cucumber 0.015482 0 318 5 334
Sea_cucumber 0.021227 0 323 18 355
Sea_cucumber 0.038384 0 315 10 350
Sea_cucumber 0.073249 0 323 6 341
Sea_cucumber 0.099865 238 409 282 415
Sea_cucumber 0.118448 247 411 272 415
Sea_cucumber 0.862866 31 333 68 361
