Sea_cucumber 0.000761 18 408 85 416
Sea_cucumber 0.000765 340 409 405 415
Sea_cucumber 0.000794 409 0 415 7
Sea_cucumber 0.000842 20 411 49 416
Sea_cucumber 0.000930 365 397 413 415
Sea_cucumber 0.001040 404 109 415 168
Sea_cucumber 0.001162 9 407 47 416
Sea_cucumber 0.001221 395 366 416 416
Sea_cucumber 0.001435 379 383 415 413
Sea_cucumber 0.002097 405 376 414 416
Sea_cucumber 0.002134 70 229 136 270
Sea_cucumber 0.002458 2 410 23 416
Sea_cucumber 0.003289 398 40 415 139
Sea_cucumber 0.006946 406 398 414 415
Sea_cucumber 0.010354 13 409 28 416
Sea_cucumber 0.013236 378 406 412 415
Sea_cucumber 0.032740 397 392 414 416
Sea_cucumber 0.216286 399 405 412 415
Sea_cucumber 0.812854 394 100 416 162
Sea_cucumber 0.987156 75 122 160 155
