Sea_cucumber 0.000472 0 363 5 394
Sea_cucumber 0.000616 0 389 10 416
Sea_cucumber 0.000694 55 409 80 415
Sea_cucumber 0.000722 409 165 415 209
Sea_cucumber 0.000745 134 0 194 5
Sea_cucumber 0.000868 0 349 8 366
Sea_cucumber 0.001014 410 167 415 191
Sea_cucumber 0.001246 0 397 6 414
Sea_cucumber 0.001421 0 175 5 232
Sea_cucumber 0.001612 160 0 215 6
Sea_cucumber 0.002470 0 358 18 416
Sea_cucumber 0.002734 0 203 6 252
Sea_cucumber 0.002880 0 207 4 231
Sea_cucumber 0.003019 0 410 20 415
Sea_cucumber 0.003296 167 0 192 3
Sea_cucumber 0.004171 1 361 8 381
Sea_cucumber 0.007031 0 362 8 413
Sea_cucumber 0.007734 0 408 9 415
Sea_cucumber 0.010611 0 350 12 379
Sea_cucumber 0.983892 300 164 337 215
