Sea_cucumber 0.001661 238 411 264 416
Sea_cucumber 0.002017 409 3 415 52
Sea_cucumber 0.002402 229 398 244 412
Sea_cucumber 0.002485 169 18 194 35
Sea_cucumber 0.002621 411 9 416 29
Sea_cucumber 0.003765 226 409 247 415
Sea_cucumber 0.004419 410 3 416 21
Sea_cucumber 0.004492 86 121 114 138
Sea_cucumber 0.005677 78 87 133 120
Sea_cucumber 0.010230 172 6 205 32
Sea_cucumber 0.015817 346 118 387 129
Sea_cucumber 0.017215 229 406 290 415
Sea_cucumber 0.057075 225 394 303 415
Sea_cucumber 0.327173 228 396 260 415
Sea_cucumber 0.477135 335 231 376 263
Sea_cucumber 0.650533 355 114 402 133
Sea_cucumber 0.813776 102 89 132 113
Sea_cucumber 0.871720 248 183 276 215
Sea_cucumber 0.913182 285 318 327 344
Sea_cucumber 0.915677 234 26 282 43
