Sea_cucumber 0.001104 0 0 21 5
Sea_cucumber 0.001557 0 375 7 416
Sea_cucumber 0.002156 0 0 10 6
Sea_cucumber 0.002246 22 354 53 384
Sea_cucumber 0.002668 0 411 21 415
Sea_cucumber 0.003765 0 396 5 414
Sea_cucumber 0.004273 378 0 416 12
Sea_cucumber 0.006114 400 2 416 74
Sea_cucumber 0.012094 0 408 8 415
Sea_cucumber 0.013766 398 0 414 17
Sea_cucumber 0.015990 405 10 416 25
Sea_cucumber 0.021693 399 5 415 33
Sea_cucumber 0.031513 404 0 415 12
Sea_cucumber 0.119597 12 339 55 357
Sea_cucumber 0.441277 402 5 416 18
Sea_cucumber 0.487308 276 152 319 191
Sea_cucumber 0.848364 64 11 134 40
Sea_cucumber 0.895466 11 338 60 383
Sea_cucumber 0.996306 279 268 312 326
Sea_cucumber 0.998953 231 2 258 80
