Sea_cucumber 0.000772 411 2 416 20
Sea_cucumber 0.000863 0 0 8 6
Sea_cucumber 0.001001 367 0 409 10
Sea_cucumber 0.001118 203 0 254 6
Sea_cucumber 0.001160 294 6 322 30
Sea_cucumber 0.001414 230 0 274 8
Sea_cucumber 0.001427 378 0 398 7
Sea_cucumber 0.001432 233 0 254 4
Sea_cucumber 0.001638 408 86 415 97
Sea_cucumber 0.001719 12 0 28 6
Sea_cucumber 0.001752 408 0 416 8
Sea_cucumber 0.001806 411 278 416 303
Sea_cucumber 0.001861 409 270 416 313
Sea_cucumber 0.002190 409 259 416 292
Sea_cucumber 0.002206 4 0 20 6
Sea_cucumber 0.005983 379 0 413 23
Sea_cucumber 0.008172 361 0 398 21
Sea_cucumber 0.008976 411 268 416 287
Sea_cucumber 0.019306 409 276 415 290
Sea_cucumber 0.953690 326 29 370 76
