Sea_cucumber 0.008265 218 105 283 203
Sea_cucumber 0.008316 221 97 264 123
Sea_cucumber 0.008609 20 333 36 376
Sea_cucumber 0.009784 412 249 416 273
Sea_cucumber 0.009971 409 78 415 91
Sea_cucumber 0.013365 140 0 156 11
Sea_cucumber 0.019500 128 0 174 37
Sea_cucumber 0.021058 114 0 152 24
Sea_cucumber 0.040246 411 261 416 274
Sea_cucumber 0.135613 214 100 245 129
Sea_cucumber 0.192493 253 139 282 197
Sea_cucumber 0.357430 137 0 157 34
Sea_cucumber 0.711935 180 108 255 138
Sea_cucumber 0.949244 58 334 96 382
Sea_cucumber 0.972954 304 173 330 233
Sea_cucumber 0.980681 40 30 79 78
Sea_cucumber 0.981172 241 355 291 397
Sea_cucumber 0.981978 90 267 128 314
Sea_cucumber 0.992508 193 218 218 296
Sea_cucumber 0.993574 361 165 402 229
