Sea_cucumber 0.000105 413 321 415 359
Sea_cucumber 0.000112 411 395 415 414
Sea_cucumber 0.000115 385 413 408 416
Sea_cucumber 0.000115 0 0 6 7
Sea_cucumber 0.000127 0 282 4 302
Sea_cucumber 0.000139 410 373 415 416
Sea_cucumber 0.000144 388 395 416 415
Sea_cucumber 0.000170 409 0 416 30
Sea_cucumber 0.000185 394 0 415 6
Sea_cucumber 0.000199 411 0 416 60
Sea_cucumber 0.000255 2 411 21 415
Sea_cucumber 0.000274 413 346 416 380
Sea_cucumber 0.000392 410 322 415 372
Sea_cucumber 0.000414 394 412 413 416
Sea_cucumber 0.000573 410 410 415 415
Sea_cucumber 0.000584 411 341 416 402
Sea_cucumber 0.000634 1 409 8 415
Sea_cucumber 0.001470 411 345 415 365
Sea_cucumber 0.001533 410 1 415 9
Sea_cucumber 0.002109 412 3 416 20
