Sea_cucumber 0.000131 128 411 153 416
Sea_cucumber 0.000134 2 411 21 416
Sea_cucumber 0.000135 0 2 6 22
Sea_cucumber 0.000164 64 410 87 415
Sea_cucumber 0.000180 205 0 233 4
Sea_cucumber 0.000195 10 271 63 316
Sea_cucumber 0.000199 0 0 7 8
Sea_cucumber 0.000219 201 0 269 7
Sea_cucumber 0.000256 200 0 238 19
Sea_cucumber 0.000278 0 101 5 117
Sea_cucumber 0.000326 0 273 6 325
Sea_cucumber 0.000336 14 293 41 319
Sea_cucumber 0.000439 216 411 241 415
Sea_cucumber 0.000527 1 254 4 284
Sea_cucumber 0.000561 144 410 167 416
Sea_cucumber 0.000633 0 271 18 296
Sea_cucumber 0.000833 0 230 6 291
Sea_cucumber 0.000936 195 0 230 10
Sea_cucumber 0.008234 0 256 8 296
Sea_cucumber 0.017627 0 275 6 293
