Sea_cucumber 0.000664 1 395 8 413
Sea_cucumber 0.000799 0 407 9 416
Sea_cucumber 0.000923 11 408 28 415
Sea_cucumber 0.000981 374 192 399 212
Sea_cucumber 0.001009 17 409 37 415
Sea_cucumber 0.001111 5 407 20 415
Sea_cucumber 0.001844 409 149 415 165
Sea_cucumber 0.001987 2 396 105 415
Sea_cucumber 0.002110 11 407 78 415
Sea_cucumber 0.002250 392 147 415 170
Sea_cucumber 0.002443 404 151 416 177
Sea_cucumber 0.002450 1 368 24 414
Sea_cucumber 0.003129 398 164 415 193
Sea_cucumber 0.010345 6 396 48 414
Sea_cucumber 0.013870 320 84 342 114
Sea_cucumber 0.022711 405 166 416 179
Sea_cucumber 0.039909 4 394 22 414
Sea_cucumber 0.052921 396 158 415 170
Sea_cucumber 0.812529 306 70 341 113
Sea_cucumber 0.997856 6 78 44 142
