Sea_cucumber 0.000739 102 410 129 416
Sea_cucumber 0.000767 242 228 259 247
Sea_cucumber 0.000858 1 10 7 30
Sea_cucumber 0.000975 409 118 416 160
Sea_cucumber 0.001006 411 127 416 151
Sea_cucumber 0.001056 80 396 120 415
Sea_cucumber 0.001128 110 8 136 26
Sea_cucumber 0.001284 0 0 8 7
Sea_cucumber 0.001397 411 100 416 117
Sea_cucumber 0.001526 85 407 129 415
Sea_cucumber 0.001588 0 335 8 376
Sea_cucumber 0.001686 410 105 415 126
Sea_cucumber 0.002159 410 220 416 265
Sea_cucumber 0.002233 188 59 207 91
Sea_cucumber 0.003282 408 106 415 141
Sea_cucumber 0.005724 1 77 36 103
Sea_cucumber 0.005918 0 339 6 356
Sea_cucumber 0.006041 239 281 266 302
Sea_cucumber 0.006049 410 123 416 139
Sea_cucumber 0.008069 412 225 416 245
