Sea_cucumber 0.000131 64 0 86 6
Sea_cucumber 0.000131 411 397 416 413
Sea_cucumber 0.000132 0 0 22 5
Sea_cucumber 0.000174 23 0 82 7
Sea_cucumber 0.000180 63 1 106 23
Sea_cucumber 0.000220 412 1 416 23
Sea_cucumber 0.000248 62 62 90 85
Sea_cucumber 0.000264 409 0 416 7
Sea_cucumber 0.000269 408 14 415 57
Sea_cucumber 0.000282 394 411 415 416
Sea_cucumber 0.000391 398 20 416 53
Sea_cucumber 0.000466 214 136 243 159
Sea_cucumber 0.000490 409 409 416 416
Sea_cucumber 0.000491 0 0 8 7
Sea_cucumber 0.000746 229 130 245 154
Sea_cucumber 0.000845 148 74 180 93
Sea_cucumber 0.001034 138 411 155 416
Sea_cucumber 0.001063 62 57 77 81
Sea_cucumber 0.001590 78 10 107 29
Sea_cucumber 0.001615 232 143 243 155
