Sea_cucumber 0.000724 363 391 382 416
Sea_cucumber 0.000802 328 408 386 415
Sea_cucumber 0.000917 350 404 395 416
Sea_cucumber 0.000922 411 393 416 415
Sea_cucumber 0.000941 395 410 415 416
Sea_cucumber 0.001065 133 406 178 416
Sea_cucumber 0.001267 410 408 416 416
Sea_cucumber 0.001285 364 409 380 416
Sea_cucumber 0.001318 356 60 404 77
Sea_cucumber 0.005737 363 56 412 91
Sea_cucumber 0.006634 322 392 402 415
Sea_cucumber 0.007325 387 391 416 416
Sea_cucumber 0.009892 138 405 157 416
Sea_cucumber 0.013641 241 342 283 385
Sea_cucumber 0.025809 108 396 156 416
Sea_cucumber 0.458825 372 389 401 416
Sea_cucumber 0.584396 243 347 264 381
Sea_cucumber 0.896585 11 94 42 136
Sea_cucumber 0.917232 0 204 46 251
Sea_cucumber 0.982631 249 231 302 276
