Sea_cucumber 0.008704 0 290 11 328
Sea_cucumber 0.009231 349 163 361 193
Sea_cucumber 0.013908 1 316 11 331
Sea_cucumber 0.015272 0 163 14 241
Sea_cucumber 0.015457 408 264 414 288
Sea_cucumber 0.016882 408 281 416 333
Sea_cucumber 0.017789 187 147 217 168
Sea_cucumber 0.018120 0 179 8 231
Sea_cucumber 0.024984 202 91 219 112
Sea_cucumber 0.028337 0 313 22 374
Sea_cucumber 0.031540 0 286 23 336
Sea_cucumber 0.043779 402 264 416 357
Sea_cucumber 0.144190 0 311 20 335
Sea_cucumber 0.303510 406 268 415 313
Sea_cucumber 0.343973 59 0 77 20
Sea_cucumber 0.350728 1 200 11 240
Sea_cucumber 0.455047 93 209 160 236
Sea_cucumber 0.655894 210 95 255 139
Sea_cucumber 0.969280 313 109 364 195
Sea_cucumber 0.974753 101 48 144 70
