Sea_cucumber 0.000221 411 72 416 95
Sea_cucumber 0.000223 410 329 415 382
Sea_cucumber 0.000243 399 178 416 255
Sea_cucumber 0.000248 242 225 275 251
Sea_cucumber 0.000250 310 413 337 415
Sea_cucumber 0.000316 409 184 415 239
Sea_cucumber 0.000334 411 279 415 353
Sea_cucumber 0.000338 411 50 416 71
Sea_cucumber 0.000346 412 163 416 198
Sea_cucumber 0.000384 410 56 415 80
Sea_cucumber 0.000405 41 86 78 113
Sea_cucumber 0.000471 410 191 416 214
Sea_cucumber 0.000651 398 181 415 209
Sea_cucumber 0.000762 409 321 416 357
Sea_cucumber 0.000786 408 57 416 94
Sea_cucumber 0.000836 399 131 415 208
Sea_cucumber 0.001661 412 319 416 345
Sea_cucumber 0.003000 408 157 416 203
Sea_cucumber 0.004596 410 333 416 347
Sea_cucumber 0.007231 408 185 415 204
