Sea_cucumber 0.000305 0 278 6 338
Sea_cucumber 0.000309 410 353 416 406
Sea_cucumber 0.000324 410 408 415 416
Sea_cucumber 0.000329 408 94 415 137
Sea_cucumber 0.000388 397 348 416 378
Sea_cucumber 0.000431 0 324 5 387
Sea_cucumber 0.000459 411 385 416 406
Sea_cucumber 0.000481 118 277 147 295
Sea_cucumber 0.000491 408 340 415 356
Sea_cucumber 0.000500 1 411 21 415
Sea_cucumber 0.000519 131 365 147 395
Sea_cucumber 0.000524 412 81 416 102
Sea_cucumber 0.000824 110 382 137 405
Sea_cucumber 0.000834 121 374 140 399
Sea_cucumber 0.001103 396 337 415 359
Sea_cucumber 0.001243 0 311 8 352
Sea_cucumber 0.001287 0 314 6 335
Sea_cucumber 0.002085 1 409 7 415
Sea_cucumber 0.138335 108 366 138 396
Sea_cucumber 0.907712 193 354 214 415
