Sea_cucumber 0.001422 407 374 415 416
Sea_cucumber 0.001433 51 328 82 353
Sea_cucumber 0.001517 0 408 47 415
Sea_cucumber 0.001576 18 333 55 352
Sea_cucumber 0.001619 37 409 98 416
Sea_cucumber 0.001638 0 131 9 166
Sea_cucumber 0.001839 413 317 416 348
Sea_cucumber 0.002313 405 353 416 390
Sea_cucumber 0.003308 407 364 415 378
Sea_cucumber 0.004435 406 409 415 415
Sea_cucumber 0.005202 411 301 416 363
Sea_cucumber 0.005270 376 408 416 416
Sea_cucumber 0.015520 24 407 64 415
Sea_cucumber 0.016350 411 333 415 364
Sea_cucumber 0.016872 395 410 414 416
Sea_cucumber 0.026575 406 356 415 370
Sea_cucumber 0.059764 399 340 415 371
Sea_cucumber 0.121779 407 326 415 370
Sea_cucumber 0.473541 18 330 83 359
Sea_cucumber 0.713697 0 132 45 176
