Sea_cucumber 0.000344 411 164 416 193
Sea_cucumber 0.000347 409 335 415 391
Sea_cucumber 0.000358 213 173 243 189
Sea_cucumber 0.000399 345 0 383 8
Sea_cucumber 0.000423 409 0 416 8
Sea_cucumber 0.000481 361 0 382 5
Sea_cucumber 0.000508 409 337 415 356
Sea_cucumber 0.000590 251 0 301 6
Sea_cucumber 0.000607 0 411 22 415
Sea_cucumber 0.000619 269 0 297 3
Sea_cucumber 0.000684 325 0 371 7
Sea_cucumber 0.000766 409 136 416 176
Sea_cucumber 0.000890 194 376 213 402
Sea_cucumber 0.000924 336 0 362 4
Sea_cucumber 0.000936 411 28 416 43
Sea_cucumber 0.001115 408 158 415 201
Sea_cucumber 0.001605 0 409 8 415
Sea_cucumber 0.002928 0 142 8 156
Sea_cucumber 0.002961 409 161 415 180
Sea_cucumber 0.004701 348 0 366 5
