Sea_cucumber 0.000042 394 0 416 5
Sea_cucumber 0.000048 140 0 190 8
Sea_cucumber 0.000049 0 187 5 206
Sea_cucumber 0.000054 1 412 9 415
Sea_cucumber 0.000056 411 92 415 121
Sea_cucumber 0.000058 410 66 415 87
Sea_cucumber 0.000059 407 65 415 103
Sea_cucumber 0.000061 397 88 416 152
Sea_cucumber 0.000061 397 71 415 99
Sea_cucumber 0.000071 412 0 416 23
Sea_cucumber 0.000091 0 339 62 416
Sea_cucumber 0.000115 3 154 39 174
Sea_cucumber 0.000138 408 87 415 144
Sea_cucumber 0.000171 166 1 191 8
Sea_cucumber 0.000183 409 83 415 103
Sea_cucumber 0.000222 278 22 293 47
Sea_cucumber 0.000287 410 0 416 7
Sea_cucumber 0.000405 407 90 415 109
Sea_cucumber 0.000543 398 89 415 112
Sea_cucumber 0.000590 101 72 127 96
