Sea_cucumber 0.000008 288 311 404 388
Sea_cucumber 0.000008 5 338 21 414
Sea_cucumber 0.000009 58 52 93 83
Sea_cucumber 0.000010 410 24 415 79
Sea_cucumber 0.000010 0 238 102 310
Sea_cucumber 0.000012 382 0 410 4
Sea_cucumber 0.000013 314 238 416 312
Sea_cucumber 0.000013 323 414 341 415
Sea_cucumber 0.000014 410 0 416 57
Sea_cucumber 0.000015 411 350 413 380
Sea_cucumber 0.000020 370 0 416 6
Sea_cucumber 0.000020 1 0 23 4
Sea_cucumber 0.000030 334 412 345 415
Sea_cucumber 0.000039 412 2 416 21
Sea_cucumber 0.000044 0 362 61 416
Sea_cucumber 0.000046 1 413 24 415
Sea_cucumber 0.000047 393 0 416 5
Sea_cucumber 0.000052 0 0 7 6
Sea_cucumber 0.000073 1 412 9 415
Sea_cucumber 0.000135 409 0 415 7
