Sea_cucumber 0.000096 410 0 416 8
Sea_cucumber 0.000128 407 380 416 414
Sea_cucumber 0.000165 347 412 366 416
Sea_cucumber 0.000168 413 4 416 21
Sea_cucumber 0.000193 357 413 388 416
Sea_cucumber 0.000217 0 0 8 8
Sea_cucumber 0.000246 411 393 416 414
Sea_cucumber 0.000278 409 409 415 415
Sea_cucumber 0.000283 47 136 73 157
Sea_cucumber 0.000377 388 394 416 416
Sea_cucumber 0.000435 348 409 397 416
Sea_cucumber 0.000550 410 387 416 402
Sea_cucumber 0.000661 411 383 416 394
Sea_cucumber 0.000740 379 407 412 416
Sea_cucumber 0.000970 158 163 185 180
Sea_cucumber 0.001018 30 0 55 5
Sea_cucumber 0.001633 393 411 414 416
Sea_cucumber 0.001767 369 411 394 416
Sea_cucumber 0.001980 380 285 412 299
Sea_cucumber 0.019264 382 409 396 416
