Sea_cucumber 0.000795 216 411 238 416
Sea_cucumber 0.000795 107 54 123 64
Sea_cucumber 0.001034 0 284 7 346
Sea_cucumber 0.001135 0 286 6 312
Sea_cucumber 0.002202 2 264 50 302
Sea_cucumber 0.002337 0 280 26 303
Sea_cucumber 0.002361 44 273 65 321
Sea_cucumber 0.004085 2 267 36 289
Sea_cucumber 0.004718 13 273 61 317
Sea_cucumber 0.005481 0 275 17 345
Sea_cucumber 0.009506 0 280 10 319
Sea_cucumber 0.010273 0 250 10 287
Sea_cucumber 0.034946 0 270 18 297
Sea_cucumber 0.035126 0 271 11 285
Sea_cucumber 0.039359 0 282 9 298
Sea_cucumber 0.105649 58 57 95 91
Sea_cucumber 0.150406 0 278 11 291
Sea_cucumber 0.346695 242 125 315 156
Sea_cucumber 0.362396 49 286 60 318
Sea_cucumber 0.433823 113 20 148 60
