Sea_cucumber 0.000022 413 37 416 67
Sea_cucumber 0.000026 239 411 263 415
Sea_cucumber 0.000026 1 0 22 4
Sea_cucumber 0.000026 393 0 416 4
Sea_cucumber 0.000032 410 4 416 52
Sea_cucumber 0.000033 10 411 29 415
Sea_cucumber 0.000034 384 413 408 415
Sea_cucumber 0.000035 412 2 416 22
Sea_cucumber 0.000036 410 297 415 350
Sea_cucumber 0.000039 410 410 415 415
Sea_cucumber 0.000039 412 15 416 40
Sea_cucumber 0.000040 411 23 416 80
Sea_cucumber 0.000041 1 396 5 414
Sea_cucumber 0.000043 413 54 416 81
Sea_cucumber 0.000045 393 412 414 415
Sea_cucumber 0.000094 0 0 7 6
Sea_cucumber 0.000104 409 0 415 6
Sea_cucumber 0.000117 3 410 21 415
Sea_cucumber 0.000200 0 409 7 416
Sea_cucumber 0.000211 413 300 416 316
