Sea_cucumber 0.002857 0 161 9 198
Sea_cucumber 0.002903 1 169 7 190
Sea_cucumber 0.002959 0 225 6 277
Sea_cucumber 0.006221 18 0 39 4
Sea_cucumber 0.008068 0 180 6 245
Sea_cucumber 0.010110 22 0 67 7
Sea_cucumber 0.010224 110 304 136 328
Sea_cucumber 0.013906 36 360 73 382
Sea_cucumber 0.017576 0 176 14 254
Sea_cucumber 0.017941 0 232 5 253
Sea_cucumber 0.026873 79 345 105 365
Sea_cucumber 0.270623 0 215 7 255
Sea_cucumber 0.797415 248 334 292 361
Sea_cucumber 0.826758 236 35 286 58
Sea_cucumber 0.910874 107 210 127 236
Sea_cucumber 0.912791 41 344 103 383
Sea_cucumber 0.922278 184 341 226 382
Sea_cucumber 0.951616 269 284 319 304
Sea_cucumber 0.968859 33 102 88 117
Sea_cucumber 0.972069 115 257 162 276
