Sea_cucumber 0.000007 411 2 415 21
Sea_cucumber 0.000007 350 412 362 415
Sea_cucumber 0.000008 3 413 21 415
Sea_cucumber 0.000008 325 373 416 398
Sea_cucumber 0.000008 241 313 416 416
Sea_cucumber 0.000009 409 355 413 386
Sea_cucumber 0.000011 411 348 413 381
Sea_cucumber 0.000012 332 413 348 415
Sea_cucumber 0.000012 0 1 3 20
Sea_cucumber 0.000015 370 365 376 375
Sea_cucumber 0.000015 2 0 23 4
Sea_cucumber 0.000015 342 412 354 415
Sea_cucumber 0.000018 368 355 377 369
Sea_cucumber 0.000020 271 361 416 415
Sea_cucumber 0.000026 374 357 385 367
Sea_cucumber 0.000028 218 1 274 44
Sea_cucumber 0.000029 1 411 6 415
Sea_cucumber 0.000035 327 294 411 406
Sea_cucumber 0.000042 409 1 415 8
Sea_cucumber 0.000071 0 0 6 6
