Sea_cucumber 0.000128 408 143 415 185
Sea_cucumber 0.000161 0 128 7 167
Sea_cucumber 0.000162 0 137 5 160
Sea_cucumber 0.000163 232 0 274 8
Sea_cucumber 0.000169 395 56 410 82
Sea_cucumber 0.000196 412 205 416 233
Sea_cucumber 0.000220 0 0 5 8
Sea_cucumber 0.000248 400 181 415 214
Sea_cucumber 0.000257 411 299 416 318
Sea_cucumber 0.000405 251 0 269 21
Sea_cucumber 0.000408 0 155 6 169
Sea_cucumber 0.000421 290 311 299 317
Sea_cucumber 0.000431 412 176 416 202
Sea_cucumber 0.000521 409 149 415 162
Sea_cucumber 0.000861 409 164 416 212
Sea_cucumber 0.001262 250 0 271 6
Sea_cucumber 0.001350 0 150 7 163
Sea_cucumber 0.002907 398 194 415 228
Sea_cucumber 0.004071 411 190 415 216
Sea_cucumber 0.006959 408 184 415 223
