Sea_cucumber 0.000238 377 407 414 416
Sea_cucumber 0.000258 378 0 416 8
Sea_cucumber 0.000336 0 189 5 204
Sea_cucumber 0.000338 0 324 8 339
Sea_cucumber 0.000368 3 0 20 7
Sea_cucumber 0.000383 325 188 353 208
Sea_cucumber 0.000432 151 409 210 415
Sea_cucumber 0.000451 0 124 9 138
Sea_cucumber 0.000524 407 409 416 416
Sea_cucumber 0.000641 178 410 229 416
Sea_cucumber 0.000683 0 19 7 35
Sea_cucumber 0.000794 0 0 9 8
Sea_cucumber 0.001110 410 2 416 19
Sea_cucumber 0.001348 0 11 8 28
Sea_cucumber 0.001504 0 4 8 20
Sea_cucumber 0.001693 1 9 27 32
Sea_cucumber 0.002087 395 410 411 416
Sea_cucumber 0.002601 409 1 416 9
Sea_cucumber 0.002813 185 412 207 415
Sea_cucumber 0.054256 284 15 311 35
