Sea_cucumber 0.009909 383 222 415 280
Sea_cucumber 0.012868 172 406 185 415
Sea_cucumber 0.015065 405 134 415 181
Sea_cucumber 0.017920 406 162 415 212
Sea_cucumber 0.035601 341 292 359 323
Sea_cucumber 0.080057 399 154 416 245
Sea_cucumber 0.294905 389 256 416 280
Sea_cucumber 0.363391 399 153 415 190
Sea_cucumber 0.620017 335 263 358 323
Sea_cucumber 0.792730 87 45 107 101
Sea_cucumber 0.823398 185 59 236 97
Sea_cucumber 0.838296 25 98 87 128
Sea_cucumber 0.838304 239 394 280 415
Sea_cucumber 0.852381 68 349 101 389
Sea_cucumber 0.870811 306 304 351 345
Sea_cucumber 0.952773 1 278 46 319
Sea_cucumber 0.956484 185 89 252 122
Sea_cucumber 0.966934 189 294 230 361
Sea_cucumber 0.998434 128 222 154 292
Sea_cucumber 0.999181 344 72 382 133
