Sea_cucumber 0.000144 87 409 146 416
Sea_cucumber 0.000158 185 411 207 415
Sea_cucumber 0.000160 399 87 415 155
Sea_cucumber 0.000162 321 410 342 416
Sea_cucumber 0.000178 408 376 416 416
Sea_cucumber 0.000183 239 411 265 415
Sea_cucumber 0.000228 2 412 22 415
Sea_cucumber 0.000252 116 407 165 415
Sea_cucumber 0.000262 120 410 144 415
Sea_cucumber 0.000285 395 410 414 416
Sea_cucumber 0.000287 410 80 416 121
Sea_cucumber 0.000306 0 107 3 124
Sea_cucumber 0.000308 412 105 416 141
Sea_cucumber 0.000320 0 410 8 415
Sea_cucumber 0.000453 259 409 278 415
Sea_cucumber 0.000569 124 399 171 412
Sea_cucumber 0.000613 411 396 416 414
Sea_cucumber 0.001139 410 407 416 416
Sea_cucumber 0.001154 409 99 415 148
Sea_cucumber 0.003654 412 100 416 116
