Sea_cucumber 0.001106 0 323 8 342
Sea_cucumber 0.001259 205 374 266 415
Sea_cucumber 0.001302 202 407 254 415
Sea_cucumber 0.001349 0 109 10 153
Sea_cucumber 0.001460 275 412 291 415
Sea_cucumber 0.001527 1 302 23 382
Sea_cucumber 0.001594 0 304 12 344
Sea_cucumber 0.002605 268 410 285 415
Sea_cucumber 0.002833 268 374 284 388
Sea_cucumber 0.004364 226 394 260 415
Sea_cucumber 0.006718 0 107 10 126
Sea_cucumber 0.008838 250 393 286 415
Sea_cucumber 0.010814 0 77 10 124
Sea_cucumber 0.022555 0 52 19 130
Sea_cucumber 0.053026 250 368 286 391
Sea_cucumber 0.089718 237 365 285 412
Sea_cucumber 0.329299 0 99 19 130
Sea_cucumber 0.805878 145 372 185 398
Sea_cucumber 0.885516 0 282 29 345
Sea_cucumber 0.963813 201 188 251 243
