Sea_cucumber 0.000276 0 135 4 162
Sea_cucumber 0.000283 235 383 253 413
Sea_cucumber 0.000309 91 199 191 224
Sea_cucumber 0.000320 0 379 6 399
Sea_cucumber 0.000339 0 408 10 416
Sea_cucumber 0.000378 0 384 20 410
Sea_cucumber 0.000453 0 144 6 199
Sea_cucumber 0.000459 6 407 49 415
Sea_cucumber 0.000504 0 111 6 169
Sea_cucumber 0.000512 1 410 23 415
Sea_cucumber 0.000582 0 315 18 347
Sea_cucumber 0.000722 14 410 40 415
Sea_cucumber 0.000752 235 411 253 415
Sea_cucumber 0.000786 0 137 8 174
Sea_cucumber 0.000836 1 393 39 414
Sea_cucumber 0.000925 0 0 7 5
Sea_cucumber 0.000943 1 314 8 364
Sea_cucumber 0.001351 0 147 6 165
Sea_cucumber 0.536355 126 196 182 218
Sea_cucumber 0.697777 62 163 95 205
