Sea_cucumber 0.000296 399 204 415 236
Sea_cucumber 0.000316 326 409 387 416
Sea_cucumber 0.000333 262 408 323 415
Sea_cucumber 0.000357 163 289 194 312
Sea_cucumber 0.000373 407 192 415 233
Sea_cucumber 0.000392 141 280 194 315
Sea_cucumber 0.000465 371 408 416 415
Sea_cucumber 0.000468 295 406 336 416
Sea_cucumber 0.000514 0 409 9 416
Sea_cucumber 0.000550 170 0 191 4
Sea_cucumber 0.000561 305 409 327 415
Sea_cucumber 0.000761 398 379 416 415
Sea_cucumber 0.000892 409 216 415 238
Sea_cucumber 0.000947 395 411 415 416
Sea_cucumber 0.000953 292 396 324 415
Sea_cucumber 0.001167 410 396 416 414
Sea_cucumber 0.001494 408 376 415 416
Sea_cucumber 0.001627 2 410 24 416
Sea_cucumber 0.001827 408 407 415 415
Sea_cucumber 0.006552 148 288 181 310
