Sea_cucumber 0.000167 163 332 181 351
Sea_cucumber 0.000167 0 310 4 337
Sea_cucumber 0.000171 235 81 253 117
Sea_cucumber 0.000181 0 47 7 89
Sea_cucumber 0.000227 109 297 127 321
Sea_cucumber 0.000231 258 412 280 415
Sea_cucumber 0.000236 55 145 68 180
Sea_cucumber 0.000241 0 49 4 71
Sea_cucumber 0.000252 59 362 74 385
Sea_cucumber 0.000271 8 412 30 415
Sea_cucumber 0.000321 0 377 7 416
Sea_cucumber 0.000354 99 412 119 416
Sea_cucumber 0.000605 195 410 214 416
Sea_cucumber 0.000606 0 397 6 413
Sea_cucumber 0.000648 0 293 3 322
Sea_cucumber 0.000848 211 104 244 122
Sea_cucumber 0.000900 0 278 6 322
Sea_cucumber 0.001797 1 410 21 415
Sea_cucumber 0.004648 0 408 8 415
Sea_cucumber 0.362238 208 84 251 115
