Sea_cucumber 0.003639 1 410 21 415
Sea_cucumber 0.004101 285 85 300 114
Sea_cucumber 0.004436 400 286 414 313
Sea_cucumber 0.005290 195 82 208 136
Sea_cucumber 0.005305 0 394 6 415
Sea_cucumber 0.006595 219 335 247 385
Sea_cucumber 0.008031 0 407 8 415
Sea_cucumber 0.008969 405 290 415 325
Sea_cucumber 0.010044 204 133 222 146
Sea_cucumber 0.018540 191 80 202 122
Sea_cucumber 0.027972 250 313 283 336
Sea_cucumber 0.029280 218 359 233 385
Sea_cucumber 0.032102 406 292 415 306
Sea_cucumber 0.040765 199 118 225 146
Sea_cucumber 0.241600 193 86 218 146
Sea_cucumber 0.449610 234 311 283 351
Sea_cucumber 0.516442 252 59 299 96
Sea_cucumber 0.840641 398 370 415 403
Sea_cucumber 0.845956 346 71 385 92
Sea_cucumber 0.965061 292 134 344 149
