Sea_cucumber 0.000029 349 5 363 17
Sea_cucumber 0.000030 49 409 102 415
Sea_cucumber 0.000033 335 395 376 415
Sea_cucumber 0.000033 393 0 416 4
Sea_cucumber 0.000035 396 412 413 416
Sea_cucumber 0.000037 411 225 415 245
Sea_cucumber 0.000039 339 0 406 7
Sea_cucumber 0.000042 320 412 343 415
Sea_cucumber 0.000045 335 412 360 415
Sea_cucumber 0.000046 0 1 3 20
Sea_cucumber 0.000047 5 412 20 415
Sea_cucumber 0.000049 412 306 416 325
Sea_cucumber 0.000057 0 0 23 5
Sea_cucumber 0.000071 0 410 6 415
Sea_cucumber 0.000075 352 411 375 415
Sea_cucumber 0.000090 411 410 416 416
Sea_cucumber 0.000094 409 0 415 6
Sea_cucumber 0.000105 64 412 89 415
Sea_cucumber 0.000159 0 0 7 7
Sea_cucumber 0.000284 391 221 414 247
