Sea_cucumber 0.000261 342 215 377 290
Sea_cucumber 0.000271 394 412 414 416
Sea_cucumber 0.000277 308 0 372 6
Sea_cucumber 0.000287 296 175 416 371
Sea_cucumber 0.000372 70 265 82 285
Sea_cucumber 0.000399 333 0 362 3
Sea_cucumber 0.000421 393 0 416 6
Sea_cucumber 0.000431 0 0 6 7
Sea_cucumber 0.000454 1 410 8 416
Sea_cucumber 0.000455 372 0 416 7
Sea_cucumber 0.000474 411 410 415 416
Sea_cucumber 0.000504 2 411 21 416
Sea_cucumber 0.000643 408 0 415 7
Sea_cucumber 0.000755 335 0 408 7
Sea_cucumber 0.001855 63 257 79 282
Sea_cucumber 0.013674 60 262 86 319
Sea_cucumber 0.209801 66 259 87 292
Sea_cucumber 0.390020 4 258 25 297
Sea_cucumber 0.421487 334 214 408 306
Sea_cucumber 0.996240 165 145 203 220
