Sea_cucumber 0.000752 397 296 415 324
Sea_cucumber 0.000785 396 409 412 416
Sea_cucumber 0.000824 410 408 416 416
Sea_cucumber 0.000901 1 6 8 34
Sea_cucumber 0.001045 2 0 38 24
Sea_cucumber 0.001076 225 0 249 6
Sea_cucumber 0.001198 409 300 415 318
Sea_cucumber 0.001385 60 86 79 117
Sea_cucumber 0.001436 0 298 7 315
Sea_cucumber 0.001727 2 0 21 7
Sea_cucumber 0.001875 0 275 8 309
Sea_cucumber 0.002814 0 0 10 8
Sea_cucumber 0.003963 406 307 415 328
Sea_cucumber 0.004412 32 87 85 129
Sea_cucumber 0.004920 0 294 8 307
Sea_cucumber 0.006008 399 310 416 375
Sea_cucumber 0.037737 0 2 18 36
Sea_cucumber 0.385122 56 99 83 128
Sea_cucumber 0.707883 398 309 416 336
Sea_cucumber 0.837843 45 192 77 238
