Sea_cucumber 0.000387 373 409 416 415
Sea_cucumber 0.000389 354 0 416 8
Sea_cucumber 0.000426 334 0 394 6
Sea_cucumber 0.000439 398 0 415 24
Sea_cucumber 0.000440 413 152 416 174
Sea_cucumber 0.000444 394 1 416 7
Sea_cucumber 0.000453 127 174 141 190
Sea_cucumber 0.000472 31 409 90 415
Sea_cucumber 0.000681 334 0 362 3
Sea_cucumber 0.000795 410 0 416 41
Sea_cucumber 0.000852 2 410 21 415
Sea_cucumber 0.000864 123 169 184 199
Sea_cucumber 0.000994 412 5 416 32
Sea_cucumber 0.001226 394 411 414 416
Sea_cucumber 0.001407 53 389 123 415
Sea_cucumber 0.001474 408 408 415 416
Sea_cucumber 0.001834 127 176 153 196
Sea_cucumber 0.002247 1 408 7 415
Sea_cucumber 0.005104 410 1 416 10
Sea_cucumber 0.012628 411 3 416 18
