Sea_cucumber 0.001018 311 407 353 416
Sea_cucumber 0.001109 178 129 213 149
Sea_cucumber 0.001149 0 190 20 216
Sea_cucumber 0.001275 0 189 7 205
Sea_cucumber 0.001282 398 312 415 337
Sea_cucumber 0.001384 0 155 6 172
Sea_cucumber 0.001731 3 183 40 244
Sea_cucumber 0.002344 0 340 24 357
Sea_cucumber 0.002760 106 280 121 309
Sea_cucumber 0.003477 315 408 335 416
Sea_cucumber 0.003478 282 408 335 415
Sea_cucumber 0.005540 0 369 8 406
Sea_cucumber 0.016409 1 373 7 390
Sea_cucumber 0.022818 178 124 214 138
Sea_cucumber 0.023338 312 225 349 242
Sea_cucumber 0.047209 372 120 405 144
Sea_cucumber 0.082717 349 117 404 153
Sea_cucumber 0.119341 293 222 338 238
Sea_cucumber 0.142771 168 25 206 47
Sea_cucumber 0.358379 1 185 40 207
