Sea_cucumber 0.000012 1 116 5 179
Sea_cucumber 0.000012 121 369 182 412
Sea_cucumber 0.000013 410 211 416 260
Sea_cucumber 0.000014 1 396 4 413
Sea_cucumber 0.000014 325 413 354 415
Sea_cucumber 0.000014 116 304 149 330
Sea_cucumber 0.000015 0 0 3 21
Sea_cucumber 0.000017 394 0 415 4
Sea_cucumber 0.000017 384 413 407 415
Sea_cucumber 0.000017 10 413 29 415
Sea_cucumber 0.000021 412 395 416 414
Sea_cucumber 0.000022 235 413 254 415
Sea_cucumber 0.000030 395 412 414 415
Sea_cucumber 0.000040 3 412 21 415
Sea_cucumber 0.000040 1 0 22 4
Sea_cucumber 0.000080 409 0 416 7
Sea_cucumber 0.000091 0 410 7 415
Sea_cucumber 0.000105 0 0 7 6
Sea_cucumber 0.000112 107 303 166 347
Sea_cucumber 0.000181 411 409 415 415
