Sea_cucumber 0.000008 141 413 171 415
Sea_cucumber 0.000008 242 313 416 416
Sea_cucumber 0.000008 325 372 416 398
Sea_cucumber 0.000009 409 355 413 386
Sea_cucumber 0.000009 281 46 395 119
Sea_cucumber 0.000011 0 0 3 21
Sea_cucumber 0.000011 411 348 413 381
Sea_cucumber 0.000012 4 413 21 415
Sea_cucumber 0.000012 332 413 348 415
Sea_cucumber 0.000013 264 1 286 3
Sea_cucumber 0.000015 370 365 376 375
Sea_cucumber 0.000015 342 412 354 415
Sea_cucumber 0.000018 368 355 377 369
Sea_cucumber 0.000021 2 0 22 4
Sea_cucumber 0.000021 271 361 416 415
Sea_cucumber 0.000027 374 357 385 367
Sea_cucumber 0.000035 1 410 6 415
Sea_cucumber 0.000038 327 294 411 406
Sea_cucumber 0.000043 409 1 415 8
Sea_cucumber 0.000067 0 0 6 6
