Sea_cucumber 0.000014 179 144 199 170
Sea_cucumber 0.000014 1 0 22 6
Sea_cucumber 0.000015 411 350 413 380
Sea_cucumber 0.000015 123 0 188 5
Sea_cucumber 0.000017 0 1 3 20
Sea_cucumber 0.000018 185 110 224 124
Sea_cucumber 0.000020 201 106 263 141
Sea_cucumber 0.000020 333 31 364 57
Sea_cucumber 0.000022 141 0 171 3
Sea_cucumber 0.000024 220 193 254 213
Sea_cucumber 0.000027 413 209 416 231
Sea_cucumber 0.000029 393 1 415 5
Sea_cucumber 0.000030 412 1 416 21
Sea_cucumber 0.000030 334 412 345 415
Sea_cucumber 0.000040 1 413 24 415
Sea_cucumber 0.000041 196 225 229 246
Sea_cucumber 0.000052 0 362 61 416
Sea_cucumber 0.000063 0 0 6 8
Sea_cucumber 0.000068 1 412 9 415
Sea_cucumber 0.000095 409 1 415 7
