Sea_cucumber 0.000391 0 410 22 415
Sea_cucumber 0.000392 13 412 43 416
Sea_cucumber 0.000401 0 409 9 416
Sea_cucumber 0.000406 411 394 416 414
Sea_cucumber 0.000428 155 413 187 416
Sea_cucumber 0.000437 408 246 415 289
Sea_cucumber 0.000446 51 409 117 416
Sea_cucumber 0.000459 4 397 52 415
Sea_cucumber 0.000530 410 250 415 269
Sea_cucumber 0.000575 395 411 414 415
Sea_cucumber 0.000788 145 410 198 416
Sea_cucumber 0.000838 123 409 173 416
Sea_cucumber 0.000921 35 373 107 413
Sea_cucumber 0.001139 32 398 71 415
Sea_cucumber 0.001173 410 409 415 416
Sea_cucumber 0.001384 44 411 74 415
Sea_cucumber 0.005229 147 411 165 416
Sea_cucumber 0.005514 35 408 84 415
Sea_cucumber 0.006991 16 407 56 415
Sea_cucumber 0.047984 36 408 53 416
