Sea_cucumber 0.000279 0 0 8 6
Sea_cucumber 0.000318 413 236 416 267
Sea_cucumber 0.000343 195 407 245 415
Sea_cucumber 0.000357 223 217 266 242
Sea_cucumber 0.000359 201 398 240 414
Sea_cucumber 0.000363 412 89 416 110
Sea_cucumber 0.000369 413 268 416 299
Sea_cucumber 0.000381 236 221 254 251
Sea_cucumber 0.000411 0 393 4 414
Sea_cucumber 0.000428 394 0 416 5
Sea_cucumber 0.000476 1 408 7 415
Sea_cucumber 0.000595 411 237 415 298
Sea_cucumber 0.000632 408 0 415 6
Sea_cucumber 0.000776 196 226 276 258
Sea_cucumber 0.002565 224 230 266 254
Sea_cucumber 0.002649 356 190 403 206
Sea_cucumber 0.012295 214 194 277 250
Sea_cucumber 0.320915 240 222 275 250
Sea_cucumber 0.686382 357 192 403 228
Sea_cucumber 0.993214 257 107 307 167
