Sea_cucumber 0.002592 408 41 415 65
Sea_cucumber 0.003163 266 410 289 416
Sea_cucumber 0.004902 131 339 151 354
Sea_cucumber 0.005466 403 0 415 4
Sea_cucumber 0.005531 255 408 297 416
Sea_cucumber 0.008706 396 66 416 138
Sea_cucumber 0.010729 373 0 404 4
Sea_cucumber 0.012786 279 407 320 416
Sea_cucumber 0.017428 341 0 404 6
Sea_cucumber 0.038423 399 34 415 71
Sea_cucumber 0.046068 283 407 300 416
Sea_cucumber 0.052348 405 58 416 107
Sea_cucumber 0.246480 399 54 415 80
Sea_cucumber 0.386415 375 0 416 6
Sea_cucumber 0.466597 246 155 285 185
Sea_cucumber 0.806973 379 104 414 145
Sea_cucumber 0.826632 297 264 349 286
Sea_cucumber 0.882778 110 316 158 337
Sea_cucumber 0.915181 301 32 344 72
Sea_cucumber 0.919903 366 318 393 371
