Sea_cucumber 0.000348 1 411 20 416
Sea_cucumber 0.000445 411 64 416 86
Sea_cucumber 0.000475 408 23 415 66
Sea_cucumber 0.000476 412 34 416 55
Sea_cucumber 0.000508 372 408 416 415
Sea_cucumber 0.000526 409 0 416 6
Sea_cucumber 0.000540 148 344 165 366
Sea_cucumber 0.000668 0 409 9 416
Sea_cucumber 0.000738 408 408 415 416
Sea_cucumber 0.000840 388 392 416 415
Sea_cucumber 0.000995 90 123 127 144
Sea_cucumber 0.000999 410 392 416 414
Sea_cucumber 0.001391 394 411 415 416
Sea_cucumber 0.001766 409 361 416 399
Sea_cucumber 0.002030 381 49 415 71
Sea_cucumber 0.003284 406 50 415 84
Sea_cucumber 0.006359 407 380 416 413
Sea_cucumber 0.008013 397 42 416 65
Sea_cucumber 0.008798 407 51 415 66
Sea_cucumber 0.009431 409 380 416 397
