Sea_cucumber 0.014618 300 405 362 416
Sea_cucumber 0.016137 158 0 172 5
Sea_cucumber 0.044293 0 261 18 294
Sea_cucumber 0.090411 411 127 415 151
Sea_cucumber 0.113831 123 0 156 26
Sea_cucumber 0.166406 409 109 415 153
Sea_cucumber 0.174871 0 279 17 305
Sea_cucumber 0.192016 146 0 161 26
Sea_cucumber 0.377677 19 0 85 28
Sea_cucumber 0.421359 36 374 77 415
Sea_cucumber 0.735152 89 299 123 338
Sea_cucumber 0.779050 217 273 251 316
Sea_cucumber 0.787372 245 318 260 374
Sea_cucumber 0.793543 282 400 346 415
Sea_cucumber 0.854642 355 230 403 253
Sea_cucumber 0.928251 286 342 318 368
Sea_cucumber 0.973418 287 128 327 149
Sea_cucumber 0.983903 266 194 313 216
Sea_cucumber 0.986335 7 223 53 268
Sea_cucumber 0.992371 175 316 211 367
