Sea_cucumber 0.000092 73 410 96 416
Sea_cucumber 0.000096 121 0 144 5
Sea_cucumber 0.000100 0 0 23 6
Sea_cucumber 0.000102 111 412 138 416
Sea_cucumber 0.000105 339 410 357 415
Sea_cucumber 0.000118 107 408 157 416
Sea_cucumber 0.000126 347 411 365 415
Sea_cucumber 0.000130 265 0 305 9
Sea_cucumber 0.000143 0 326 8 336
Sea_cucumber 0.000156 341 66 370 87
Sea_cucumber 0.000176 0 319 8 331
Sea_cucumber 0.000182 0 327 23 334
Sea_cucumber 0.000233 9 411 28 415
Sea_cucumber 0.000256 0 1 7 22
Sea_cucumber 0.000259 280 410 304 416
Sea_cucumber 0.000272 127 411 152 415
Sea_cucumber 0.000382 1 408 8 416
Sea_cucumber 0.000405 0 0 8 7
Sea_cucumber 0.000916 6 410 19 415
Sea_cucumber 0.003747 343 75 369 95
