Sea_cucumber 0.000009 243 313 416 416
Sea_cucumber 0.000009 325 372 416 398
Sea_cucumber 0.000010 409 355 413 386
Sea_cucumber 0.000010 9 413 30 415
Sea_cucumber 0.000011 332 414 348 415
Sea_cucumber 0.000011 411 348 413 381
Sea_cucumber 0.000011 2 0 22 4
Sea_cucumber 0.000011 0 1 3 22
Sea_cucumber 0.000014 370 365 376 375
Sea_cucumber 0.000015 342 413 354 415
Sea_cucumber 0.000017 1 396 4 413
Sea_cucumber 0.000017 368 355 377 369
Sea_cucumber 0.000022 0 34 2 52
Sea_cucumber 0.000025 270 361 416 415
Sea_cucumber 0.000028 375 357 385 367
Sea_cucumber 0.000039 3 412 20 415
Sea_cucumber 0.000040 327 295 412 405
Sea_cucumber 0.000042 409 1 415 8
Sea_cucumber 0.000045 0 0 6 6
Sea_cucumber 0.000141 1 410 6 415
