Sea_cucumber 0.002170 12 398 42 415
Sea_cucumber 0.002308 29 411 57 416
Sea_cucumber 0.002413 0 409 8 415
Sea_cucumber 0.002538 1 410 22 416
Sea_cucumber 0.003308 0 19 5 84
Sea_cucumber 0.003609 241 0 262 3
Sea_cucumber 0.004064 0 358 5 416
Sea_cucumber 0.005096 60 213 163 275
Sea_cucumber 0.007341 0 327 4 351
Sea_cucumber 0.008802 4 405 34 415
Sea_cucumber 0.008898 22 407 66 415
Sea_cucumber 0.011616 0 342 4 370
Sea_cucumber 0.018365 27 407 41 415
Sea_cucumber 0.046797 22 405 36 415
Sea_cucumber 0.052679 0 324 6 372
Sea_cucumber 0.058925 0 357 5 372
Sea_cucumber 0.572807 31 204 94 226
Sea_cucumber 0.921588 132 222 168 274
Sea_cucumber 0.953833 194 65 268 101
Sea_cucumber 0.986944 68 22 147 65
