Sea_cucumber 0.000028 264 0 288 3
Sea_cucumber 0.000028 284 413 315 416
Sea_cucumber 0.000032 83 413 116 416
Sea_cucumber 0.000033 270 413 298 416
Sea_cucumber 0.000033 0 380 3 412
Sea_cucumber 0.000034 413 3 416 20
Sea_cucumber 0.000035 244 413 275 415
Sea_cucumber 0.000035 61 410 122 415
Sea_cucumber 0.000037 394 0 415 4
Sea_cucumber 0.000038 0 353 5 416
Sea_cucumber 0.000056 367 413 392 415
Sea_cucumber 0.000056 384 413 408 416
Sea_cucumber 0.000060 0 0 6 6
Sea_cucumber 0.000082 7 413 31 415
Sea_cucumber 0.000105 1 394 4 414
Sea_cucumber 0.000105 393 412 414 416
Sea_cucumber 0.000112 408 0 415 7
Sea_cucumber 0.000210 411 410 415 415
Sea_cucumber 0.000215 2 412 22 415
Sea_cucumber 0.000897 1 409 6 415
