Sea_cucumber 0.000346 0 75 3 110
Sea_cucumber 0.000358 0 363 18 416
Sea_cucumber 0.000377 46 212 91 231
Sea_cucumber 0.000482 0 109 3 137
Sea_cucumber 0.000712 0 409 46 415
Sea_cucumber 0.000791 0 396 6 414
Sea_cucumber 0.000845 1 374 8 416
Sea_cucumber 0.001111 0 97 5 149
Sea_cucumber 0.001127 26 192 62 216
Sea_cucumber 0.001675 51 221 87 235
Sea_cucumber 0.001934 0 410 22 415
Sea_cucumber 0.002166 172 323 208 343
Sea_cucumber 0.002358 29 196 88 233
Sea_cucumber 0.002638 0 408 8 415
Sea_cucumber 0.003635 0 75 5 125
Sea_cucumber 0.006779 193 334 229 358
Sea_cucumber 0.012413 0 100 3 117
Sea_cucumber 0.018452 181 331 211 346
Sea_cucumber 0.891249 77 345 153 407
Sea_cucumber 0.968307 143 164 203 198
