Sea_cucumber 0.000664 408 0 415 6
Sea_cucumber 0.000747 408 199 416 241
Sea_cucumber 0.000808 407 379 415 413
Sea_cucumber 0.000810 385 281 404 346
Sea_cucumber 0.000876 393 306 409 345
Sea_cucumber 0.000902 141 145 171 168
Sea_cucumber 0.000989 410 386 415 406
Sea_cucumber 0.001172 397 383 416 410
Sea_cucumber 0.001227 335 390 416 416
Sea_cucumber 0.001291 327 411 354 415
Sea_cucumber 0.001787 316 408 364 415
Sea_cucumber 0.001911 328 395 367 415
Sea_cucumber 0.002800 409 220 415 238
Sea_cucumber 0.003719 406 218 415 253
Sea_cucumber 0.005430 35 218 73 239
Sea_cucumber 0.009516 153 337 179 382
Sea_cucumber 0.021050 157 341 170 375
Sea_cucumber 0.831985 388 309 402 343
Sea_cucumber 0.937565 384 225 413 276
Sea_cucumber 0.990224 185 334 220 388
