Sea_cucumber 0.000459 291 409 309 416
Sea_cucumber 0.000494 306 392 325 416
Sea_cucumber 0.000565 287 395 300 412
Sea_cucumber 0.000600 276 404 309 416
Sea_cucumber 0.000630 386 411 405 415
Sea_cucumber 0.000708 394 411 414 416
Sea_cucumber 0.000855 200 0 239 7
Sea_cucumber 0.001180 29 292 56 308
Sea_cucumber 0.001295 283 409 301 416
Sea_cucumber 0.001334 257 407 295 416
Sea_cucumber 0.001416 208 0 233 4
Sea_cucumber 0.001733 411 359 416 383
Sea_cucumber 0.002559 305 410 325 416
Sea_cucumber 0.002717 320 410 345 416
Sea_cucumber 0.004401 265 394 305 416
Sea_cucumber 0.004867 221 0 236 6
Sea_cucumber 0.006954 275 409 293 416
Sea_cucumber 0.017341 304 407 345 415
Sea_cucumber 0.090632 288 394 342 415
Sea_cucumber 0.310284 289 390 308 416
