Sea_cucumber 0.000157 344 399 382 414
Sea_cucumber 0.000172 1 323 8 342
Sea_cucumber 0.000175 1 412 21 415
Sea_cucumber 0.000189 0 91 6 140
Sea_cucumber 0.000236 395 411 414 415
Sea_cucumber 0.000246 365 413 393 416
Sea_cucumber 0.000281 0 61 7 107
Sea_cucumber 0.000285 228 0 275 7
Sea_cucumber 0.000287 238 0 266 3
Sea_cucumber 0.000359 0 410 9 415
Sea_cucumber 0.000362 245 0 278 26
Sea_cucumber 0.000364 351 409 408 416
Sea_cucumber 0.000365 0 321 19 347
Sea_cucumber 0.000368 409 0 415 7
Sea_cucumber 0.000387 408 409 415 415
Sea_cucumber 0.000469 252 0 270 5
Sea_cucumber 0.000568 0 88 6 111
Sea_cucumber 0.001012 329 409 384 415
Sea_cucumber 0.002110 348 411 379 415
Sea_cucumber 0.545068 257 0 283 44
