Sea_cucumber 0.000801 57 89 74 126
Sea_cucumber 0.000938 76 0 110 4
Sea_cucumber 0.001552 406 0 416 7
Sea_cucumber 0.001619 352 0 409 7
Sea_cucumber 0.001727 101 0 147 8
Sea_cucumber 0.001808 379 87 413 111
Sea_cucumber 0.002350 99 0 133 24
Sea_cucumber 0.002778 23 120 91 150
Sea_cucumber 0.003259 39 124 81 142
Sea_cucumber 0.003294 384 0 410 6
Sea_cucumber 0.003584 40 131 96 147
Sea_cucumber 0.004087 84 0 116 24
Sea_cucumber 0.004771 81 0 119 8
Sea_cucumber 0.009779 248 41 262 76
Sea_cucumber 0.010171 222 13 256 44
Sea_cucumber 0.021389 99 1 115 34
Sea_cucumber 0.025117 101 0 115 6
Sea_cucumber 0.909871 74 126 112 149
Sea_cucumber 0.943103 226 10 262 73
Sea_cucumber 0.975098 115 221 143 295
