Sea_cucumber 0.000540 311 24 372 57
Sea_cucumber 0.000577 357 130 390 149
Sea_cucumber 0.000593 0 376 55 413
Sea_cucumber 0.000612 330 27 365 46
Sea_cucumber 0.000876 1 407 38 415
Sea_cucumber 0.001103 280 29 312 82
Sea_cucumber 0.001115 294 29 308 60
Sea_cucumber 0.001149 27 408 43 415
Sea_cucumber 0.001252 0 209 5 262
Sea_cucumber 0.001334 0 187 6 236
Sea_cucumber 0.001501 2 410 23 415
Sea_cucumber 0.001739 0 409 7 415
Sea_cucumber 0.001985 21 392 38 416
Sea_cucumber 0.002768 11 410 30 415
Sea_cucumber 0.002962 21 409 36 415
Sea_cucumber 0.004362 0 212 4 229
Sea_cucumber 0.024490 27 391 46 415
Sea_cucumber 0.026156 29 384 60 413
Sea_cucumber 0.152281 28 375 88 414
Sea_cucumber 0.972482 328 133 367 180
