Sea_cucumber 0.000058 393 0 416 4
Sea_cucumber 0.000071 131 104 163 123
Sea_cucumber 0.000075 335 410 408 415
Sea_cucumber 0.000081 1 410 6 415
Sea_cucumber 0.000086 126 71 179 113
Sea_cucumber 0.000099 367 376 415 412
Sea_cucumber 0.000109 409 0 415 6
Sea_cucumber 0.000109 381 412 411 416
Sea_cucumber 0.000136 388 394 415 415
Sea_cucumber 0.000155 370 409 416 415
Sea_cucumber 0.000166 409 246 415 289
Sea_cucumber 0.000183 410 358 416 402
Sea_cucumber 0.000286 412 248 416 271
Sea_cucumber 0.000295 412 367 416 394
Sea_cucumber 0.000366 395 411 414 416
Sea_cucumber 0.000652 409 378 416 414
Sea_cucumber 0.000809 411 408 415 415
Sea_cucumber 0.001124 412 384 416 408
Sea_cucumber 0.001266 135 96 177 119
Sea_cucumber 0.001591 411 381 416 395
