Sea_cucumber 0.000422 287 396 330 416
Sea_cucumber 0.000441 265 198 298 240
Sea_cucumber 0.000473 0 0 8 5
Sea_cucumber 0.000504 376 408 416 415
Sea_cucumber 0.000507 412 2 416 19
Sea_cucumber 0.000542 313 410 337 415
Sea_cucumber 0.000566 340 409 404 415
Sea_cucumber 0.000588 288 410 311 416
Sea_cucumber 0.000611 380 396 412 415
Sea_cucumber 0.000670 409 1 416 8
Sea_cucumber 0.000722 0 409 7 415
Sea_cucumber 0.000879 408 409 415 416
Sea_cucumber 0.000968 223 178 251 198
Sea_cucumber 0.001120 129 344 164 367
Sea_cucumber 0.001201 292 407 340 415
Sea_cucumber 0.001887 395 411 412 415
Sea_cucumber 0.001927 318 398 346 415
Sea_cucumber 0.001964 273 214 310 240
Sea_cucumber 0.003112 324 405 371 415
Sea_cucumber 0.003882 325 405 342 415
