Sea_cucumber 0.000065 368 413 393 416
Sea_cucumber 0.000066 0 0 23 4
Sea_cucumber 0.000068 78 409 138 415
Sea_cucumber 0.000069 190 413 217 415
Sea_cucumber 0.000073 393 0 416 4
Sea_cucumber 0.000076 286 414 313 416
Sea_cucumber 0.000084 94 412 121 415
Sea_cucumber 0.000087 382 413 410 416
Sea_cucumber 0.000097 334 412 362 415
Sea_cucumber 0.000102 412 3 416 21
Sea_cucumber 0.000109 137 240 192 289
Sea_cucumber 0.000115 9 413 31 415
Sea_cucumber 0.000134 371 409 416 415
Sea_cucumber 0.000152 0 0 8 6
Sea_cucumber 0.000157 1 410 6 416
Sea_cucumber 0.000190 324 409 388 415
Sea_cucumber 0.000192 409 0 416 6
Sea_cucumber 0.000345 394 412 415 416
Sea_cucumber 0.000457 412 398 415 413
Sea_cucumber 0.002005 411 408 415 415
