Sea_cucumber 0.000296 0 0 7 6
Sea_cucumber 0.000300 0 362 6 413
Sea_cucumber 0.000398 0 197 5 259
Sea_cucumber 0.000440 3 409 19 416
Sea_cucumber 0.000444 315 21 352 50
Sea_cucumber 0.000546 214 300 227 329
Sea_cucumber 0.000568 409 410 415 416
Sea_cucumber 0.000594 66 143 81 182
Sea_cucumber 0.000626 0 389 6 405
Sea_cucumber 0.000654 0 406 9 416
Sea_cucumber 0.000879 364 412 396 416
Sea_cucumber 0.001141 337 19 416 63
Sea_cucumber 0.001495 335 21 349 39
Sea_cucumber 0.001828 354 410 406 416
Sea_cucumber 0.002462 1 395 8 412
Sea_cucumber 0.008638 384 410 407 416
Sea_cucumber 0.013892 23 187 64 216
Sea_cucumber 0.105357 336 22 355 51
Sea_cucumber 0.533209 371 40 415 79
Sea_cucumber 0.979519 21 186 78 248
