Sea_cucumber 0.000942 406 0 416 9
Sea_cucumber 0.000972 66 0 87 6
Sea_cucumber 0.001064 396 0 414 8
Sea_cucumber 0.001069 0 327 4 350
Sea_cucumber 0.001269 0 315 9 349
Sea_cucumber 0.001328 308 411 338 416
Sea_cucumber 0.001370 408 409 415 415
Sea_cucumber 0.001551 63 0 106 12
Sea_cucumber 0.001687 87 1 111 9
Sea_cucumber 0.001896 301 408 346 416
Sea_cucumber 0.003211 297 410 320 416
Sea_cucumber 0.003358 89 6 110 19
Sea_cucumber 0.003395 193 272 228 292
Sea_cucumber 0.004293 77 0 93 7
Sea_cucumber 0.005498 83 0 101 8
Sea_cucumber 0.006451 0 324 6 339
Sea_cucumber 0.006785 53 1 100 22
Sea_cucumber 0.007260 60 9 111 26
Sea_cucumber 0.511103 76 2 111 22
Sea_cucumber 0.879079 264 67 309 109
