Sea_cucumber 0.013113 29 211 40 230
Sea_cucumber 0.013743 21 196 36 232
Sea_cucumber 0.014655 26 236 46 249
Sea_cucumber 0.016276 99 0 119 6
Sea_cucumber 0.017175 2 206 9 267
Sea_cucumber 0.019508 27 231 44 243
Sea_cucumber 0.019782 16 205 28 236
Sea_cucumber 0.021038 18 212 26 231
Sea_cucumber 0.025221 109 226 125 262
Sea_cucumber 0.026462 88 213 116 274
Sea_cucumber 0.027878 29 221 40 235
Sea_cucumber 0.029227 0 227 103 303
Sea_cucumber 0.062813 28 197 42 229
Sea_cucumber 0.064756 4 173 35 227
Sea_cucumber 0.070112 23 202 50 257
Sea_cucumber 0.071716 34 232 52 253
Sea_cucumber 0.126002 21 213 35 241
Sea_cucumber 0.186067 3 202 20 293
Sea_cucumber 0.254772 22 226 51 249
Sea_cucumber 0.808516 61 182 111 278
