Sea_cucumber 0.000808 0 348 5 411
Sea_cucumber 0.000829 0 396 26 414
Sea_cucumber 0.000909 202 325 217 354
Sea_cucumber 0.000925 227 172 239 209
Sea_cucumber 0.000942 0 98 6 119
Sea_cucumber 0.000981 45 346 78 363
Sea_cucumber 0.000996 238 316 269 335
Sea_cucumber 0.001488 0 390 10 416
Sea_cucumber 0.001665 0 324 7 372
Sea_cucumber 0.002426 0 221 7 236
Sea_cucumber 0.003297 182 346 211 360
Sea_cucumber 0.003418 0 397 6 414
Sea_cucumber 0.004645 0 409 20 415
Sea_cucumber 0.006327 0 326 8 339
Sea_cucumber 0.010182 0 407 9 415
Sea_cucumber 0.016857 50 342 100 357
Sea_cucumber 0.407095 222 177 236 226
Sea_cucumber 0.746216 182 327 213 358
Sea_cucumber 0.806453 52 192 105 213
Sea_cucumber 0.854830 61 286 127 316
