Sea_cucumber 0.000942 243 164 274 179
Sea_cucumber 0.001009 410 153 415 173
Sea_cucumber 0.001027 39 411 63 416
Sea_cucumber 0.001255 28 407 74 416
Sea_cucumber 0.001315 407 136 415 175
Sea_cucumber 0.001567 164 345 182 369
Sea_cucumber 0.001717 33 410 54 415
Sea_cucumber 0.002080 114 0 147 3
Sea_cucumber 0.002108 156 327 189 353
Sea_cucumber 0.003051 1 393 21 416
Sea_cucumber 0.003132 397 140 416 172
Sea_cucumber 0.004372 0 404 41 416
Sea_cucumber 0.005148 85 0 116 3
Sea_cucumber 0.006906 0 409 22 415
Sea_cucumber 0.009030 0 398 8 412
Sea_cucumber 0.009430 103 0 160 6
Sea_cucumber 0.013782 0 407 10 414
Sea_cucumber 0.019140 83 0 133 5
Sea_cucumber 0.119883 106 0 126 2
Sea_cucumber 0.492712 5 391 50 415
