Sea_cucumber 0.000253 0 0 8 6
Sea_cucumber 0.000282 0 372 7 416
Sea_cucumber 0.000288 148 186 256 214
Sea_cucumber 0.000298 123 173 228 230
Sea_cucumber 0.000312 155 412 173 415
Sea_cucumber 0.000340 254 413 281 416
Sea_cucumber 0.000366 280 351 286 356
Sea_cucumber 0.000367 224 23 251 85
Sea_cucumber 0.000394 279 346 285 355
Sea_cucumber 0.000438 0 396 5 413
Sea_cucumber 0.001077 199 185 244 209
Sea_cucumber 0.001504 1 411 20 415
Sea_cucumber 0.003330 0 409 9 415
Sea_cucumber 0.006888 142 170 168 217
Sea_cucumber 0.025048 229 186 247 209
Sea_cucumber 0.732270 240 28 253 80
Sea_cucumber 0.989510 194 274 214 361
Sea_cucumber 0.990435 84 144 148 179
Sea_cucumber 0.996344 140 164 199 215
Sea_cucumber 0.999287 178 7 216 70
