Sea_cucumber 0.000249 407 100 415 147
Sea_cucumber 0.000259 0 366 7 410
Sea_cucumber 0.000273 398 94 411 111
Sea_cucumber 0.000298 394 412 414 416
Sea_cucumber 0.000301 408 105 415 124
Sea_cucumber 0.000323 409 54 415 113
Sea_cucumber 0.000340 410 410 415 416
Sea_cucumber 0.000433 394 92 415 148
Sea_cucumber 0.000545 0 409 45 415
Sea_cucumber 0.000597 0 373 5 388
Sea_cucumber 0.000599 407 99 414 117
Sea_cucumber 0.000647 405 78 415 121
Sea_cucumber 0.001038 369 100 409 117
Sea_cucumber 0.001295 389 104 406 114
Sea_cucumber 0.001470 379 89 415 114
Sea_cucumber 0.001495 0 411 22 415
Sea_cucumber 0.002292 0 410 9 415
Sea_cucumber 0.002984 381 104 413 123
Sea_cucumber 0.005529 392 58 415 120
Sea_cucumber 0.016462 396 96 414 120
