Sea_cucumber 0.001182 397 326 415 400
Sea_cucumber 0.001241 409 406 416 416
Sea_cucumber 0.001292 103 375 111 401
Sea_cucumber 0.001468 257 410 280 416
Sea_cucumber 0.001552 75 356 123 401
Sea_cucumber 0.002229 140 95 204 132
Sea_cucumber 0.002382 408 395 415 413
Sea_cucumber 0.003201 0 214 7 274
Sea_cucumber 0.003820 138 79 206 108
Sea_cucumber 0.004030 407 348 415 396
Sea_cucumber 0.004096 0 260 19 287
Sea_cucumber 0.004487 397 391 415 416
Sea_cucumber 0.005117 82 355 115 376
Sea_cucumber 0.005457 406 379 415 398
Sea_cucumber 0.020655 399 373 416 403
Sea_cucumber 0.023106 92 364 111 399
Sea_cucumber 0.029476 0 193 19 277
Sea_cucumber 0.514644 0 243 20 278
Sea_cucumber 0.615626 53 345 113 377
Sea_cucumber 0.851617 142 92 202 106
