Sea_cucumber 0.000017 349 0 378 3
Sea_cucumber 0.000018 158 0 185 3
Sea_cucumber 0.000018 0 67 3 85
Sea_cucumber 0.000018 208 0 231 3
Sea_cucumber 0.000020 334 0 394 6
Sea_cucumber 0.000021 412 395 416 413
Sea_cucumber 0.000023 395 412 412 415
Sea_cucumber 0.000024 369 0 416 6
Sea_cucumber 0.000024 232 29 270 56
Sea_cucumber 0.000026 393 0 415 4
Sea_cucumber 0.000034 88 413 110 415
Sea_cucumber 0.000036 413 3 416 21
Sea_cucumber 0.000038 144 0 169 3
Sea_cucumber 0.000040 117 0 179 5
Sea_cucumber 0.000043 410 410 415 416
Sea_cucumber 0.000049 19 412 38 415
Sea_cucumber 0.000063 3 412 22 415
Sea_cucumber 0.000069 409 0 415 7
Sea_cucumber 0.000070 0 0 5 7
Sea_cucumber 0.000077 1 410 7 416
