Sea_cucumber 0.000835 408 408 415 416
Sea_cucumber 0.000847 173 410 202 416
Sea_cucumber 0.001007 306 410 359 416
Sea_cucumber 0.001043 406 259 416 292
Sea_cucumber 0.001053 379 255 414 305
Sea_cucumber 0.001195 409 258 416 277
Sea_cucumber 0.001530 188 408 206 415
Sea_cucumber 0.001690 322 412 344 416
Sea_cucumber 0.002124 295 227 308 278
Sea_cucumber 0.002471 1 408 8 415
Sea_cucumber 0.004397 399 10 415 45
Sea_cucumber 0.006260 409 13 415 57
Sea_cucumber 0.006742 332 411 362 415
Sea_cucumber 0.007113 400 0 412 10
Sea_cucumber 0.009250 398 0 414 27
Sea_cucumber 0.009756 331 409 397 415
Sea_cucumber 0.015082 407 0 414 10
Sea_cucumber 0.029720 407 0 415 38
Sea_cucumber 0.030063 411 19 416 37
Sea_cucumber 0.983422 293 226 318 299
