Sea_cucumber 0.000023 205 0 235 3
Sea_cucumber 0.000023 0 182 5 240
Sea_cucumber 0.000025 261 413 291 415
Sea_cucumber 0.000026 295 413 321 415
Sea_cucumber 0.000027 369 410 416 415
Sea_cucumber 0.000028 295 410 354 415
Sea_cucumber 0.000028 0 182 3 209
Sea_cucumber 0.000031 198 0 258 6
Sea_cucumber 0.000031 312 411 384 415
Sea_cucumber 0.000032 394 1 415 4
Sea_cucumber 0.000040 1 0 21 5
Sea_cucumber 0.000048 318 413 345 415
Sea_cucumber 0.000049 412 395 415 413
Sea_cucumber 0.000051 1 410 6 415
Sea_cucumber 0.000063 0 1 4 20
Sea_cucumber 0.000065 224 0 247 4
Sea_cucumber 0.000119 395 412 413 416
Sea_cucumber 0.000136 0 0 6 7
Sea_cucumber 0.000174 408 1 414 6
Sea_cucumber 0.000258 410 409 415 415
