Sea_cucumber 0.000364 397 0 416 25
Sea_cucumber 0.000414 183 57 209 78
Sea_cucumber 0.000430 0 179 4 198
Sea_cucumber 0.000503 0 395 39 415
Sea_cucumber 0.000546 409 407 416 416
Sea_cucumber 0.000570 32 411 54 416
Sea_cucumber 0.000641 399 383 415 409
Sea_cucumber 0.000736 408 356 415 403
Sea_cucumber 0.000777 412 6 416 33
Sea_cucumber 0.000825 0 397 7 412
Sea_cucumber 0.001001 0 408 41 415
Sea_cucumber 0.001032 373 0 416 7
Sea_cucumber 0.001161 408 394 416 412
Sea_cucumber 0.001305 17 410 41 416
Sea_cucumber 0.001525 409 0 415 43
Sea_cucumber 0.001603 0 407 10 415
Sea_cucumber 0.002485 407 387 415 404
Sea_cucumber 0.003241 411 1 416 22
Sea_cucumber 0.004351 394 0 416 6
Sea_cucumber 0.013027 407 0 415 6
