Sea_cucumber 0.000245 8 412 31 415
Sea_cucumber 0.000245 412 395 416 413
Sea_cucumber 0.000282 143 410 201 415
Sea_cucumber 0.000303 223 409 282 416
Sea_cucumber 0.000304 252 409 300 415
Sea_cucumber 0.000337 410 370 415 390
Sea_cucumber 0.000394 408 375 415 416
Sea_cucumber 0.000406 1 371 6 416
Sea_cucumber 0.000408 409 409 415 415
Sea_cucumber 0.000411 414 198 416 225
Sea_cucumber 0.000451 412 377 416 398
Sea_cucumber 0.000455 292 3 325 46
Sea_cucumber 0.000492 0 0 6 6
Sea_cucumber 0.000561 255 411 281 415
Sea_cucumber 0.000577 263 153 288 174
Sea_cucumber 0.000916 2 411 20 415
Sea_cucumber 0.001473 219 146 255 167
Sea_cucumber 0.002051 0 398 4 413
Sea_cucumber 0.003683 234 147 285 169
Sea_cucumber 0.007584 0 407 6 414
