Sea_cucumber 0.000695 177 0 247 6
Sea_cucumber 0.000703 275 410 342 416
Sea_cucumber 0.000737 408 376 415 416
Sea_cucumber 0.000832 408 0 416 8
Sea_cucumber 0.000858 376 194 414 245
Sea_cucumber 0.000960 408 206 416 248
Sea_cucumber 0.000995 228 0 291 7
Sea_cucumber 0.001182 204 410 268 416
Sea_cucumber 0.001231 409 408 415 416
Sea_cucumber 0.001403 230 412 259 415
Sea_cucumber 0.001618 412 207 416 231
Sea_cucumber 0.001629 310 410 370 416
Sea_cucumber 0.001698 409 180 415 227
Sea_cucumber 0.002899 319 412 345 416
Sea_cucumber 0.005978 375 225 416 246
Sea_cucumber 0.007589 227 282 244 320
Sea_cucumber 0.495700 264 250 306 289
Sea_cucumber 0.919309 226 282 260 336
Sea_cucumber 0.923801 331 206 416 247
Sea_cucumber 0.986538 215 338 244 393
