Sea_cucumber 0.000183 84 193 100 213
Sea_cucumber 0.000228 410 409 416 416
Sea_cucumber 0.000252 407 189 415 233
Sea_cucumber 0.000304 326 410 369 416
Sea_cucumber 0.000321 403 240 416 320
Sea_cucumber 0.000379 134 412 159 416
Sea_cucumber 0.000383 0 398 8 410
Sea_cucumber 0.000423 407 344 415 385
Sea_cucumber 0.000443 399 188 415 220
Sea_cucumber 0.000463 401 191 415 271
Sea_cucumber 0.000466 0 61 7 74
Sea_cucumber 0.000794 376 371 396 391
Sea_cucumber 0.001042 406 369 414 389
Sea_cucumber 0.001270 131 411 146 415
Sea_cucumber 0.001696 378 367 412 393
Sea_cucumber 0.001861 408 217 416 256
Sea_cucumber 0.001912 409 237 416 282
Sea_cucumber 0.002086 331 411 350 416
Sea_cucumber 0.003982 410 235 416 254
Sea_cucumber 0.004552 400 361 415 387
