Sea_cucumber 0.001101 212 409 258 416
Sea_cucumber 0.001110 221 411 248 416
Sea_cucumber 0.001169 0 133 7 178
Sea_cucumber 0.001219 129 273 139 294
Sea_cucumber 0.001788 0 221 7 267
Sea_cucumber 0.002014 0 335 7 346
Sea_cucumber 0.002352 277 271 286 285
Sea_cucumber 0.002749 0 243 10 276
Sea_cucumber 0.003390 166 86 196 111
Sea_cucumber 0.003606 0 334 29 350
Sea_cucumber 0.004463 0 252 8 268
Sea_cucumber 0.006309 17 341 53 370
Sea_cucumber 0.007207 210 409 232 415
Sea_cucumber 0.033019 178 244 212 261
Sea_cucumber 0.092035 36 350 54 379
Sea_cucumber 0.093484 173 83 205 104
Sea_cucumber 0.160726 4 337 51 358
Sea_cucumber 0.507983 177 245 247 270
Sea_cucumber 0.533548 129 257 147 293
Sea_cucumber 0.821191 158 178 189 228
