Sea_cucumber 0.001018 379 0 414 19
Sea_cucumber 0.001020 0 98 6 119
Sea_cucumber 0.001165 0 409 7 415
Sea_cucumber 0.001340 1 91 19 123
Sea_cucumber 0.001397 409 82 415 132
Sea_cucumber 0.001506 104 412 126 416
Sea_cucumber 0.001598 408 68 416 99
Sea_cucumber 0.001953 0 323 6 339
Sea_cucumber 0.002026 241 41 287 130
Sea_cucumber 0.002122 74 36 107 50
Sea_cucumber 0.002367 410 87 416 111
Sea_cucumber 0.003847 0 75 26 130
Sea_cucumber 0.005499 381 0 413 9
Sea_cucumber 0.008097 183 32 226 56
Sea_cucumber 0.008644 410 78 416 93
Sea_cucumber 0.015845 252 353 281 370
Sea_cucumber 0.018160 409 85 415 97
Sea_cucumber 0.854004 38 130 65 184
Sea_cucumber 0.987658 254 53 278 119
Sea_cucumber 0.992769 142 123 172 191
