Sea_cucumber 0.000262 410 0 416 8
Sea_cucumber 0.000271 45 324 72 340
Sea_cucumber 0.000271 0 410 7 416
Sea_cucumber 0.000282 338 410 360 416
Sea_cucumber 0.000454 298 0 366 6
Sea_cucumber 0.000519 291 0 323 21
Sea_cucumber 0.000562 317 244 372 284
Sea_cucumber 0.000675 192 408 214 416
Sea_cucumber 0.000734 37 311 67 334
Sea_cucumber 0.000886 287 0 327 9
Sea_cucumber 0.000911 330 253 365 278
Sea_cucumber 0.001002 349 409 365 415
Sea_cucumber 0.001059 60 326 71 339
Sea_cucumber 0.001092 0 1 10 8
Sea_cucumber 0.001543 274 0 309 8
Sea_cucumber 0.001614 326 234 355 255
Sea_cucumber 0.001959 52 294 65 308
Sea_cucumber 0.004269 212 311 243 333
Sea_cucumber 0.009402 291 0 307 7
Sea_cucumber 0.012913 36 298 66 318
