Sea_cucumber 0.001034 0 54 12 120
Sea_cucumber 0.001459 0 155 3 187
Sea_cucumber 0.001498 170 98 207 116
Sea_cucumber 0.001666 0 293 7 306
Sea_cucumber 0.001951 0 50 5 71
Sea_cucumber 0.001981 50 411 69 415
Sea_cucumber 0.002039 91 62 104 76
Sea_cucumber 0.002636 316 285 364 301
Sea_cucumber 0.003031 0 85 5 144
Sea_cucumber 0.003173 1 315 13 362
Sea_cucumber 0.004421 0 94 4 120
Sea_cucumber 0.004440 218 114 248 158
Sea_cucumber 0.008878 1 62 4 91
Sea_cucumber 0.010998 225 126 242 156
Sea_cucumber 0.014507 0 43 6 94
Sea_cucumber 0.017353 210 114 250 130
Sea_cucumber 0.027593 332 137 367 159
Sea_cucumber 0.264229 0 69 6 113
Sea_cucumber 0.821269 217 110 270 125
Sea_cucumber 0.842004 1 315 34 362
