Sea_cucumber 0.000009 365 0 412 47
Sea_cucumber 0.000011 108 410 172 415
Sea_cucumber 0.000011 386 413 406 415
Sea_cucumber 0.000011 223 413 249 415
Sea_cucumber 0.000012 9 412 29 415
Sea_cucumber 0.000012 229 410 291 415
Sea_cucumber 0.000012 413 1 416 21
Sea_cucumber 0.000013 141 410 219 415
Sea_cucumber 0.000015 0 290 55 330
Sea_cucumber 0.000016 413 395 416 414
Sea_cucumber 0.000021 396 412 412 415
Sea_cucumber 0.000022 1 396 4 414
Sea_cucumber 0.000025 40 80 102 122
Sea_cucumber 0.000028 136 413 161 415
Sea_cucumber 0.000030 4 412 20 415
Sea_cucumber 0.000038 0 0 6 6
Sea_cucumber 0.000041 411 0 416 7
Sea_cucumber 0.000065 241 412 261 415
Sea_cucumber 0.000083 0 409 6 415
Sea_cucumber 0.000145 412 409 415 415
