Sea_cucumber 0.000035 1 363 36 416
Sea_cucumber 0.000037 309 219 326 242
Sea_cucumber 0.000045 413 1 416 22
Sea_cucumber 0.000048 15 413 41 416
Sea_cucumber 0.000073 0 387 19 407
Sea_cucumber 0.000083 397 412 411 416
Sea_cucumber 0.000098 7 411 32 416
Sea_cucumber 0.000099 0 0 7 5
Sea_cucumber 0.000101 0 336 6 408
Sea_cucumber 0.000106 409 410 414 416
Sea_cucumber 0.000123 409 1 415 7
Sea_cucumber 0.000171 3 399 18 416
Sea_cucumber 0.000218 1 376 7 402
Sea_cucumber 0.000224 0 404 29 416
Sea_cucumber 0.000618 3 409 19 416
Sea_cucumber 0.000750 0 394 37 415
Sea_cucumber 0.000816 0 406 10 416
Sea_cucumber 0.000946 0 340 17 413
Sea_cucumber 0.002174 1 368 11 409
Sea_cucumber 0.016887 0 391 13 415
