Sea_cucumber 0.002287 401 172 415 255
Sea_cucumber 0.002401 410 39 416 65
Sea_cucumber 0.002524 1 58 8 76
Sea_cucumber 0.002708 410 408 415 415
Sea_cucumber 0.003065 0 46 18 76
Sea_cucumber 0.003584 212 0 226 5
Sea_cucumber 0.004352 59 410 77 416
Sea_cucumber 0.005450 141 0 173 22
Sea_cucumber 0.005671 407 26 415 46
Sea_cucumber 0.005745 363 220 375 265
Sea_cucumber 0.005814 142 0 156 9
Sea_cucumber 0.007317 122 31 157 53
Sea_cucumber 0.010350 397 5 415 37
Sea_cucumber 0.010872 408 166 415 223
Sea_cucumber 0.011506 405 31 415 72
Sea_cucumber 0.044150 398 22 415 50
Sea_cucumber 0.307132 350 216 374 269
Sea_cucumber 0.553493 148 2 182 47
Sea_cucumber 0.991374 51 189 131 234
Sea_cucumber 0.997287 136 239 157 332
