Sea_cucumber 0.000219 0 407 8 416
Sea_cucumber 0.000232 0 380 8 398
Sea_cucumber 0.000248 396 411 413 415
Sea_cucumber 0.000264 395 386 415 409
Sea_cucumber 0.000267 77 138 104 158
Sea_cucumber 0.000290 122 0 142 5
Sea_cucumber 0.000295 0 385 18 409
Sea_cucumber 0.000317 142 386 169 403
Sea_cucumber 0.000329 50 40 84 61
Sea_cucumber 0.000372 137 37 176 65
Sea_cucumber 0.000373 399 0 414 9
Sea_cucumber 0.000464 0 394 8 411
Sea_cucumber 0.000481 271 34 297 56
Sea_cucumber 0.000498 382 321 413 340
Sea_cucumber 0.000653 205 184 235 205
Sea_cucumber 0.000828 409 409 416 416
Sea_cucumber 0.001052 0 388 9 404
Sea_cucumber 0.001496 134 36 164 50
Sea_cucumber 0.003239 407 0 415 10
Sea_cucumber 0.017820 19 264 36 284
