Sea_cucumber 0.003465 372 150 389 163
Sea_cucumber 0.003698 378 150 397 161
Sea_cucumber 0.003766 379 144 396 155
Sea_cucumber 0.003872 289 0 325 23
Sea_cucumber 0.003930 394 125 415 157
Sea_cucumber 0.004826 368 152 397 171
Sea_cucumber 0.009595 367 134 395 160
Sea_cucumber 0.016315 277 0 306 21
Sea_cucumber 0.017002 395 151 414 162
Sea_cucumber 0.056062 377 137 415 160
Sea_cucumber 0.139810 380 125 396 153
Sea_cucumber 0.442428 224 95 249 118
Sea_cucumber 0.537097 263 304 292 339
Sea_cucumber 0.564649 340 380 390 406
Sea_cucumber 0.737313 375 148 414 168
Sea_cucumber 0.953957 297 207 323 258
Sea_cucumber 0.959348 44 14 59 44
Sea_cucumber 0.994573 155 116 194 166
Sea_cucumber 0.995305 263 151 292 217
Sea_cucumber 0.997456 79 73 128 129
