Sea_cucumber 0.000059 394 0 415 5
Sea_cucumber 0.000062 254 344 279 364
Sea_cucumber 0.000066 141 412 170 416
Sea_cucumber 0.000067 205 328 214 345
Sea_cucumber 0.000068 1 412 22 415
Sea_cucumber 0.000073 226 413 247 416
Sea_cucumber 0.000075 382 413 409 416
Sea_cucumber 0.000077 412 396 416 414
Sea_cucumber 0.000080 0 0 6 6
Sea_cucumber 0.000096 189 331 206 344
Sea_cucumber 0.000105 408 0 415 7
Sea_cucumber 0.000109 140 0 204 7
Sea_cucumber 0.000193 394 412 414 416
Sea_cucumber 0.000286 0 410 6 415
Sea_cucumber 0.000339 184 0 239 9
Sea_cucumber 0.000362 198 326 212 343
Sea_cucumber 0.000611 410 409 415 415
Sea_cucumber 0.000647 185 322 210 344
Sea_cucumber 0.001072 185 2 205 10
Sea_cucumber 0.032301 150 346 166 368
