Sea_cucumber 0.000008 56 302 95 327
Sea_cucumber 0.000009 142 413 170 415
Sea_cucumber 0.000009 348 413 379 415
Sea_cucumber 0.000009 269 413 299 415
Sea_cucumber 0.000010 368 409 416 415
Sea_cucumber 0.000010 176 413 200 415
Sea_cucumber 0.000011 10 413 29 415
Sea_cucumber 0.000011 244 413 275 415
Sea_cucumber 0.000012 59 292 119 333
Sea_cucumber 0.000013 412 3 416 20
Sea_cucumber 0.000013 0 1 3 20
Sea_cucumber 0.000017 4 412 20 415
Sea_cucumber 0.000017 412 396 415 412
Sea_cucumber 0.000022 1 0 22 4
Sea_cucumber 0.000022 393 1 415 4
Sea_cucumber 0.000032 393 412 414 415
Sea_cucumber 0.000063 1 410 6 415
Sea_cucumber 0.000086 0 0 7 6
Sea_cucumber 0.000095 408 1 415 6
Sea_cucumber 0.000104 411 409 415 415
