Sea_cucumber 0.000837 53 214 96 239
Sea_cucumber 0.000935 0 102 8 145
Sea_cucumber 0.000972 119 210 150 230
Sea_cucumber 0.001032 256 163 282 179
Sea_cucumber 0.001039 318 0 345 5
Sea_cucumber 0.001220 56 86 76 112
Sea_cucumber 0.001372 311 0 353 8
Sea_cucumber 0.001661 177 0 196 8
Sea_cucumber 0.001870 0 19 6 39
Sea_cucumber 0.002568 0 11 10 46
Sea_cucumber 0.002769 258 252 275 283
Sea_cucumber 0.003892 157 24 185 46
Sea_cucumber 0.004349 331 135 348 162
Sea_cucumber 0.006861 1 28 8 45
Sea_cucumber 0.014513 49 222 69 248
Sea_cucumber 0.017408 1 30 18 56
Sea_cucumber 0.022017 80 217 107 234
Sea_cucumber 0.041886 180 143 197 172
Sea_cucumber 0.056689 39 233 67 250
Sea_cucumber 0.293079 42 213 76 244
