Sea_cucumber 0.002281 364 407 412 415
Sea_cucumber 0.002714 362 410 383 416
Sea_cucumber 0.002771 349 411 378 416
Sea_cucumber 0.003344 398 391 415 416
Sea_cucumber 0.003822 376 395 416 416
Sea_cucumber 0.004966 1 355 11 402
Sea_cucumber 0.005553 304 410 362 416
Sea_cucumber 0.005895 412 384 416 411
Sea_cucumber 0.007393 254 263 270 293
Sea_cucumber 0.008776 409 374 415 416
Sea_cucumber 0.014849 253 254 283 297
Sea_cucumber 0.024982 334 409 376 415
Sea_cucumber 0.025541 205 310 268 323
Sea_cucumber 0.055862 410 393 415 414
Sea_cucumber 0.120740 336 410 358 415
Sea_cucumber 0.274086 206 310 237 320
Sea_cucumber 0.400821 119 152 146 176
Sea_cucumber 0.797310 233 308 286 328
Sea_cucumber 0.833956 254 36 288 56
Sea_cucumber 0.903760 1 348 17 380
