Sea_cucumber 0.000072 137 412 159 416
Sea_cucumber 0.000074 0 0 4 22
Sea_cucumber 0.000080 385 406 416 416
Sea_cucumber 0.000083 215 235 224 251
Sea_cucumber 0.000088 384 412 409 416
Sea_cucumber 0.000104 408 0 415 7
Sea_cucumber 0.000106 119 408 160 416
Sea_cucumber 0.000111 205 236 221 250
Sea_cucumber 0.000148 0 0 22 4
Sea_cucumber 0.000148 130 0 149 2
Sea_cucumber 0.000177 83 410 102 416
Sea_cucumber 0.000203 287 204 294 220
Sea_cucumber 0.000273 127 411 150 416
Sea_cucumber 0.000289 103 411 130 416
Sea_cucumber 0.000303 94 408 138 415
Sea_cucumber 0.000329 410 397 416 414
Sea_cucumber 0.000371 0 0 7 6
Sea_cucumber 0.000778 397 410 414 416
Sea_cucumber 0.001364 122 409 139 415
Sea_cucumber 0.002264 409 408 415 415
