Sea_cucumber 0.000092 231 413 257 416
Sea_cucumber 0.000096 198 410 258 415
Sea_cucumber 0.000100 2 412 21 416
Sea_cucumber 0.000108 0 0 7 6
Sea_cucumber 0.000121 372 410 416 416
Sea_cucumber 0.000132 364 414 395 416
Sea_cucumber 0.000148 0 256 8 295
Sea_cucumber 0.000173 1 410 7 416
Sea_cucumber 0.000190 86 234 114 256
Sea_cucumber 0.000195 413 327 415 351
Sea_cucumber 0.000216 395 1 415 5
Sea_cucumber 0.000226 413 345 415 383
Sea_cucumber 0.000332 386 413 406 416
Sea_cucumber 0.000353 411 324 415 389
Sea_cucumber 0.000425 411 410 415 415
Sea_cucumber 0.000433 394 412 413 416
Sea_cucumber 0.000457 407 1 415 6
Sea_cucumber 0.000492 200 413 223 415
Sea_cucumber 0.000706 0 259 9 274
Sea_cucumber 0.001003 413 370 416 388
