Sea_cucumber 0.000156 412 123 416 156
Sea_cucumber 0.000162 4 0 35 4
Sea_cucumber 0.000163 0 253 4 314
Sea_cucumber 0.000200 384 413 408 416
Sea_cucumber 0.000249 412 1 416 21
Sea_cucumber 0.000251 410 153 415 173
Sea_cucumber 0.000270 0 0 23 6
Sea_cucumber 0.000287 394 0 415 5
Sea_cucumber 0.000305 0 409 6 416
Sea_cucumber 0.000350 22 0 81 7
Sea_cucumber 0.000416 409 148 415 165
Sea_cucumber 0.000438 0 0 6 8
Sea_cucumber 0.000485 394 412 413 416
Sea_cucumber 0.000493 0 0 45 7
Sea_cucumber 0.000592 411 121 416 140
Sea_cucumber 0.000620 408 118 415 162
Sea_cucumber 0.000776 0 264 3 286
Sea_cucumber 0.000886 409 1 415 7
Sea_cucumber 0.000933 25 0 46 3
Sea_cucumber 0.001110 411 409 415 415
