Sea_cucumber 0.000534 1 34 9 70
Sea_cucumber 0.000546 42 96 60 123
Sea_cucumber 0.000567 148 0 162 7
Sea_cucumber 0.000613 413 160 416 184
Sea_cucumber 0.000661 235 0 270 24
Sea_cucumber 0.000732 206 407 251 416
Sea_cucumber 0.000935 0 35 6 53
Sea_cucumber 0.000995 259 0 276 7
Sea_cucumber 0.001025 2 410 23 416
Sea_cucumber 0.001089 265 409 288 416
Sea_cucumber 0.001130 235 406 283 415
Sea_cucumber 0.001176 220 396 253 416
Sea_cucumber 0.001382 12 410 29 415
Sea_cucumber 0.001475 143 291 183 320
Sea_cucumber 0.002588 35 99 56 132
Sea_cucumber 0.003039 231 252 246 281
Sea_cucumber 0.003727 234 396 270 415
Sea_cucumber 0.005578 258 0 273 26
Sea_cucumber 0.006566 233 409 253 416
Sea_cucumber 0.013601 252 2 269 34
