Sea_cucumber 0.000162 147 55 180 79
Sea_cucumber 0.000167 306 409 359 416
Sea_cucumber 0.000209 411 49 416 70
Sea_cucumber 0.000246 409 0 416 7
Sea_cucumber 0.000250 408 377 415 415
Sea_cucumber 0.000303 326 409 385 416
Sea_cucumber 0.000318 237 409 283 416
Sea_cucumber 0.000359 268 412 298 416
Sea_cucumber 0.000361 326 412 354 416
Sea_cucumber 0.000366 296 0 351 8
Sea_cucumber 0.000384 410 396 416 414
Sea_cucumber 0.000407 292 0 322 4
Sea_cucumber 0.000496 258 409 309 416
Sea_cucumber 0.000618 250 411 273 416
Sea_cucumber 0.000629 396 410 414 415
Sea_cucumber 0.000754 264 0 303 8
Sea_cucumber 0.001255 410 408 416 416
Sea_cucumber 0.002279 279 0 321 8
Sea_cucumber 0.002759 258 410 279 416
Sea_cucumber 0.003540 283 0 300 5
