Sea_cucumber 0.006733 411 156 416 186
Sea_cucumber 0.009667 409 302 416 345
Sea_cucumber 0.010916 93 410 120 416
Sea_cucumber 0.014244 403 238 416 320
Sea_cucumber 0.015594 410 140 416 159
Sea_cucumber 0.016510 408 129 416 167
Sea_cucumber 0.018092 408 290 416 323
Sea_cucumber 0.029275 87 398 144 416
Sea_cucumber 0.030269 409 149 416 209
Sea_cucumber 0.033272 412 288 416 314
Sea_cucumber 0.041649 157 104 200 130
Sea_cucumber 0.045408 410 264 415 319
Sea_cucumber 0.047378 88 406 127 415
Sea_cucumber 0.063494 65 406 102 415
Sea_cucumber 0.106209 406 147 416 180
Sea_cucumber 0.122422 410 308 416 321
Sea_cucumber 0.183104 410 301 416 315
Sea_cucumber 0.218091 408 149 416 164
Sea_cucumber 0.332656 87 407 100 415
Sea_cucumber 0.700362 339 280 378 310
