Sea_cucumber 0.000065 315 324 331 351
Sea_cucumber 0.000067 347 19 406 62
Sea_cucumber 0.000068 21 222 49 249
Sea_cucumber 0.000079 0 0 7 5
Sea_cucumber 0.000089 398 211 415 243
Sea_cucumber 0.000094 222 407 266 416
Sea_cucumber 0.000098 231 411 257 416
Sea_cucumber 0.000117 411 395 416 414
Sea_cucumber 0.000123 25 410 47 415
Sea_cucumber 0.000128 296 0 318 4
Sea_cucumber 0.000133 200 410 223 415
Sea_cucumber 0.000147 412 354 416 373
Sea_cucumber 0.000151 394 411 414 415
Sea_cucumber 0.000171 201 405 238 415
Sea_cucumber 0.000206 283 0 319 9
Sea_cucumber 0.000207 240 4 258 30
Sea_cucumber 0.000374 221 407 237 415
Sea_cucumber 0.000379 410 408 415 416
Sea_cucumber 0.000433 88 113 113 135
Sea_cucumber 0.010564 219 3 255 31
