Sea_cucumber 0.000152 267 275 323 319
Sea_cucumber 0.000187 0 131 6 148
Sea_cucumber 0.000213 412 87 416 112
Sea_cucumber 0.000241 409 0 415 7
Sea_cucumber 0.000281 412 99 416 117
Sea_cucumber 0.000287 319 277 326 305
Sea_cucumber 0.000292 0 44 7 92
Sea_cucumber 0.000321 9 105 32 169
Sea_cucumber 0.000340 410 69 416 114
Sea_cucumber 0.000351 412 72 416 95
Sea_cucumber 0.000368 385 195 410 211
Sea_cucumber 0.000395 1 410 7 416
Sea_cucumber 0.000399 86 222 101 248
Sea_cucumber 0.000451 393 412 415 416
Sea_cucumber 0.000817 301 291 320 326
Sea_cucumber 0.000929 410 410 415 415
Sea_cucumber 0.002651 296 307 324 337
Sea_cucumber 0.002761 316 278 328 323
Sea_cucumber 0.003634 307 283 325 319
Sea_cucumber 0.825073 300 281 328 341
