Sea_cucumber 0.000565 409 23 414 47
Sea_cucumber 0.000626 408 0 415 7
Sea_cucumber 0.000652 50 411 70 415
Sea_cucumber 0.000655 251 385 284 410
Sea_cucumber 0.001056 0 409 9 416
Sea_cucumber 0.001083 0 53 3 82
Sea_cucumber 0.001181 0 108 6 155
Sea_cucumber 0.001213 284 68 313 84
Sea_cucumber 0.001385 256 2 281 8
Sea_cucumber 0.001482 0 51 4 117
Sea_cucumber 0.001520 413 215 416 240
Sea_cucumber 0.002591 0 81 6 134
Sea_cucumber 0.002685 3 411 22 416
Sea_cucumber 0.003467 413 228 416 242
Sea_cucumber 0.003934 10 410 30 415
Sea_cucumber 0.007929 0 115 5 132
Sea_cucumber 0.756706 239 281 298 312
Sea_cucumber 0.946837 155 180 216 261
Sea_cucumber 0.964133 326 1 353 50
Sea_cucumber 0.986247 233 185 303 223
