Sea_cucumber 0.003695 0 73 5 95
Sea_cucumber 0.004723 16 409 41 415
Sea_cucumber 0.004894 0 84 6 99
Sea_cucumber 0.004997 23 407 80 416
Sea_cucumber 0.005851 0 60 7 105
Sea_cucumber 0.005948 219 385 236 412
Sea_cucumber 0.007629 1 244 9 262
Sea_cucumber 0.008428 411 118 416 130
Sea_cucumber 0.016301 0 282 8 300
Sea_cucumber 0.022253 24 407 48 415
Sea_cucumber 0.052787 1 247 26 272
Sea_cucumber 0.070497 0 46 4 73
Sea_cucumber 0.076124 0 37 6 83
Sea_cucumber 0.078956 0 248 21 302
Sea_cucumber 0.100625 0 252 10 299
Sea_cucumber 0.259055 19 394 51 415
Sea_cucumber 0.681929 275 217 307 244
Sea_cucumber 0.742786 55 203 94 254
Sea_cucumber 0.996184 268 316 347 350
Sea_cucumber 0.999126 217 117 239 228
