Sea_cucumber 0.000408 45 0 73 3
Sea_cucumber 0.000449 0 199 18 265
Sea_cucumber 0.000527 0 208 6 263
Sea_cucumber 0.000719 227 265 236 286
Sea_cucumber 0.000788 0 277 5 292
Sea_cucumber 0.000880 1 207 7 229
Sea_cucumber 0.000975 0 197 8 214
Sea_cucumber 0.001053 0 201 10 238
Sea_cucumber 0.001217 406 43 416 78
Sea_cucumber 0.001454 1 202 25 221
Sea_cucumber 0.001547 206 135 221 160
Sea_cucumber 0.001744 399 61 415 89
Sea_cucumber 0.001857 0 0 9 9
Sea_cucumber 0.002027 406 63 415 103
Sea_cucumber 0.002817 36 0 52 4
Sea_cucumber 0.002911 233 259 249 297
Sea_cucumber 0.002955 0 28 5 42
Sea_cucumber 0.008796 405 62 415 76
Sea_cucumber 0.008926 0 205 10 219
Sea_cucumber 0.227383 229 262 242 292
