Sea_cucumber 0.001129 412 327 416 350
Sea_cucumber 0.001166 0 324 7 388
Sea_cucumber 0.001352 395 411 415 416
Sea_cucumber 0.001420 0 1 26 19
Sea_cucumber 0.001504 0 3 7 18
Sea_cucumber 0.001629 405 0 415 38
Sea_cucumber 0.001880 1 343 9 401
Sea_cucumber 0.002118 405 0 415 9
Sea_cucumber 0.002140 409 409 415 415
Sea_cucumber 0.002264 0 1 9 10
Sea_cucumber 0.002287 412 317 416 334
Sea_cucumber 0.002336 397 10 415 43
Sea_cucumber 0.008879 411 325 415 337
Sea_cucumber 0.022847 1 290 33 338
Sea_cucumber 0.029406 391 0 416 22
Sea_cucumber 0.030477 2 355 19 402
Sea_cucumber 0.070912 395 0 414 10
Sea_cucumber 0.250888 1 311 27 335
Sea_cucumber 0.727652 1 318 25 399
Sea_cucumber 0.986390 3 5 81 41
