Sea_cucumber 0.002405 0 57 5 78
Sea_cucumber 0.003662 1 256 8 278
Sea_cucumber 0.003721 407 0 415 9
Sea_cucumber 0.004362 398 1 414 10
Sea_cucumber 0.004463 1 155 11 189
Sea_cucumber 0.005056 1 164 8 181
Sea_cucumber 0.005266 170 182 205 208
Sea_cucumber 0.006679 162 242 182 262
Sea_cucumber 0.007412 0 158 24 211
Sea_cucumber 0.007468 271 254 297 315
Sea_cucumber 0.021535 404 6 415 21
Sea_cucumber 0.027545 1 167 27 191
Sea_cucumber 0.042434 397 7 416 70
Sea_cucumber 0.442180 397 7 416 30
Sea_cucumber 0.463816 275 286 295 316
Sea_cucumber 0.530553 386 243 409 305
Sea_cucumber 0.742787 189 188 242 231
Sea_cucumber 0.800757 227 44 256 89
Sea_cucumber 0.971956 112 167 172 213
Sea_cucumber 0.998850 307 26 337 114
