Sea_cucumber 0.000075 412 326 416 356
Sea_cucumber 0.000089 53 0 114 5
Sea_cucumber 0.000090 399 310 416 379
Sea_cucumber 0.000099 87 0 112 2
Sea_cucumber 0.000134 363 410 383 416
Sea_cucumber 0.000134 374 400 388 413
Sea_cucumber 0.000190 394 411 416 416
Sea_cucumber 0.000192 409 409 415 416
Sea_cucumber 0.000214 382 410 407 415
Sea_cucumber 0.000238 380 363 411 416
Sea_cucumber 0.000287 408 318 416 362
Sea_cucumber 0.000316 412 355 416 388
Sea_cucumber 0.000870 147 132 182 145
Sea_cucumber 0.000990 400 343 415 412
Sea_cucumber 0.001027 409 351 415 375
Sea_cucumber 0.001206 376 407 399 415
Sea_cucumber 0.001245 408 346 415 397
Sea_cucumber 0.001341 400 342 415 369
Sea_cucumber 0.002973 374 398 402 414
Sea_cucumber 0.004535 407 347 415 364
