Sea_cucumber 0.000230 242 252 263 266
Sea_cucumber 0.000231 71 411 97 416
Sea_cucumber 0.000231 410 410 415 416
Sea_cucumber 0.000258 379 0 414 21
Sea_cucumber 0.000259 253 95 268 119
Sea_cucumber 0.000259 380 155 396 186
Sea_cucumber 0.000277 0 409 46 416
Sea_cucumber 0.000330 409 0 416 7
Sea_cucumber 0.000345 408 32 416 72
Sea_cucumber 0.000413 0 410 8 416
Sea_cucumber 0.000432 280 410 335 416
Sea_cucumber 0.000688 1 412 22 415
Sea_cucumber 0.000701 221 236 275 272
Sea_cucumber 0.000768 368 148 416 190
Sea_cucumber 0.001077 365 158 394 213
Sea_cucumber 0.001283 288 412 311 416
Sea_cucumber 0.291406 234 247 267 270
Sea_cucumber 0.900527 269 362 319 385
Sea_cucumber 0.998081 11 347 64 394
Sea_cucumber 0.998971 50 201 93 258
