Sea_cucumber 0.000339 223 213 251 228
Sea_cucumber 0.000351 315 397 349 414
Sea_cucumber 0.000354 409 376 416 416
Sea_cucumber 0.000359 3 0 35 4
Sea_cucumber 0.000383 24 0 66 7
Sea_cucumber 0.000442 52 0 66 5
Sea_cucumber 0.000525 0 332 9 350
Sea_cucumber 0.000610 342 411 368 416
Sea_cucumber 0.000677 410 396 415 413
Sea_cucumber 0.000744 333 408 380 416
Sea_cucumber 0.000876 396 411 415 416
Sea_cucumber 0.001145 335 307 346 325
Sea_cucumber 0.001192 0 0 43 7
Sea_cucumber 0.001456 0 0 6 44
Sea_cucumber 0.001655 408 409 415 415
Sea_cucumber 0.001801 330 408 351 415
Sea_cucumber 0.003569 0 0 5 20
Sea_cucumber 0.005086 0 338 18 358
Sea_cucumber 0.006419 1 0 20 6
Sea_cucumber 0.058450 0 0 8 8
