Sea_cucumber 0.000071 65 412 87 415
Sea_cucumber 0.000087 176 411 199 415
Sea_cucumber 0.000099 26 2 90 42
Sea_cucumber 0.000102 4 189 34 217
Sea_cucumber 0.000102 196 397 244 415
Sea_cucumber 0.000116 356 254 389 278
Sea_cucumber 0.000129 2 412 21 415
Sea_cucumber 0.000176 252 96 305 144
Sea_cucumber 0.000180 290 412 308 415
Sea_cucumber 0.000201 329 0 392 46
Sea_cucumber 0.000201 174 373 233 412
Sea_cucumber 0.000220 1 410 7 416
Sea_cucumber 0.000226 172 408 237 415
Sea_cucumber 0.000307 349 242 402 290
Sea_cucumber 0.000341 119 336 187 376
Sea_cucumber 0.000413 225 412 260 416
Sea_cucumber 0.000446 218 410 286 415
Sea_cucumber 0.000861 206 409 250 415
Sea_cucumber 0.001635 215 411 242 416
Sea_cucumber 0.035935 154 337 185 370
