Sea_cucumber 0.000211 413 51 416 83
Sea_cucumber 0.000257 407 0 415 6
Sea_cucumber 0.000307 0 254 3 296
Sea_cucumber 0.000322 0 0 8 6
Sea_cucumber 0.000362 410 42 415 93
Sea_cucumber 0.000476 0 159 5 233
Sea_cucumber 0.000496 411 410 415 415
Sea_cucumber 0.000533 1 411 21 415
Sea_cucumber 0.000791 410 17 416 69
Sea_cucumber 0.000949 0 245 5 321
Sea_cucumber 0.001246 1 174 13 257
Sea_cucumber 0.001353 0 409 9 416
Sea_cucumber 0.001878 0 203 3 238
Sea_cucumber 0.001929 150 73 191 94
Sea_cucumber 0.002516 412 43 416 61
Sea_cucumber 0.003551 1 229 13 327
Sea_cucumber 0.009946 0 230 3 272
Sea_cucumber 0.026368 0 201 5 254
Sea_cucumber 0.061620 0 225 4 248
Sea_cucumber 0.093188 0 222 5 281
