Sea_cucumber 0.000449 159 210 188 229
Sea_cucumber 0.000589 1 62 10 103
Sea_cucumber 0.000625 0 38 4 68
Sea_cucumber 0.000706 170 210 222 229
Sea_cucumber 0.000754 283 294 301 325
Sea_cucumber 0.000864 0 51 17 123
Sea_cucumber 0.000905 322 409 339 415
Sea_cucumber 0.001188 275 307 291 323
Sea_cucumber 0.001472 0 409 10 415
Sea_cucumber 0.001719 261 298 322 333
Sea_cucumber 0.002377 3 410 20 415
Sea_cucumber 0.002902 0 4 16 79
Sea_cucumber 0.004589 1 50 7 73
Sea_cucumber 0.008143 0 28 8 77
Sea_cucumber 0.026857 1 61 11 76
Sea_cucumber 0.046511 0 56 18 79
Sea_cucumber 0.104520 266 305 300 328
Sea_cucumber 0.659104 178 113 214 148
Sea_cucumber 0.844782 59 307 122 337
Sea_cucumber 0.998544 154 14 184 91
