Sea_cucumber 0.000005 173 373 305 416
Sea_cucumber 0.000005 387 413 406 415
Sea_cucumber 0.000005 238 372 369 416
Sea_cucumber 0.000006 287 413 311 415
Sea_cucumber 0.000006 66 213 105 241
Sea_cucumber 0.000008 0 1 3 20
Sea_cucumber 0.000011 413 8 416 32
Sea_cucumber 0.000011 8 413 31 415
Sea_cucumber 0.000011 397 413 410 415
Sea_cucumber 0.000013 413 2 416 21
Sea_cucumber 0.000014 1 396 4 414
Sea_cucumber 0.000015 2 0 21 4
Sea_cucumber 0.000017 393 0 415 4
Sea_cucumber 0.000019 366 0 409 44
Sea_cucumber 0.000019 314 207 350 233
Sea_cucumber 0.000040 3 412 20 415
Sea_cucumber 0.000045 0 0 6 6
Sea_cucumber 0.000058 411 410 415 415
Sea_cucumber 0.000065 409 0 415 6
Sea_cucumber 0.000143 1 410 6 415
