Sea_cucumber 0.007563 396 335 415 416
Sea_cucumber 0.007867 186 411 206 416
Sea_cucumber 0.008184 352 118 363 179
Sea_cucumber 0.008893 133 0 180 7
Sea_cucumber 0.012566 217 410 270 416
Sea_cucumber 0.016027 164 0 180 5
Sea_cucumber 0.020845 405 331 415 348
Sea_cucumber 0.021320 241 411 264 415
Sea_cucumber 0.023296 398 326 415 355
Sea_cucumber 0.029018 355 271 391 292
Sea_cucumber 0.035601 189 340 219 355
Sea_cucumber 0.050590 0 41 18 103
Sea_cucumber 0.128069 382 235 395 282
Sea_cucumber 0.278854 0 38 12 68
Sea_cucumber 0.608023 352 123 380 203
Sea_cucumber 0.694884 357 235 395 290
Sea_cucumber 0.717010 315 35 334 65
Sea_cucumber 0.785012 79 227 108 273
Sea_cucumber 0.819271 264 235 327 314
Sea_cucumber 0.890934 219 215 257 237
