Sea_cucumber 0.000316 73 80 84 94
Sea_cucumber 0.000336 44 74 99 110
Sea_cucumber 0.000355 335 410 358 416
Sea_cucumber 0.000408 119 410 143 415
Sea_cucumber 0.000410 54 86 86 110
Sea_cucumber 0.000439 0 43 11 78
Sea_cucumber 0.000466 3 410 21 415
Sea_cucumber 0.000525 0 409 10 415
Sea_cucumber 0.000589 284 147 348 188
Sea_cucumber 0.000711 2 0 19 7
Sea_cucumber 0.000732 369 36 404 54
Sea_cucumber 0.001048 110 397 138 416
Sea_cucumber 0.001666 69 91 85 105
Sea_cucumber 0.001866 70 85 97 110
Sea_cucumber 0.002025 1 0 8 8
Sea_cucumber 0.002189 327 408 351 416
Sea_cucumber 0.002265 103 409 116 416
Sea_cucumber 0.003973 62 78 89 125
Sea_cucumber 0.011599 109 406 124 415
Sea_cucumber 0.348647 73 81 89 104
