Sea_cucumber 0.000071 249 397 286 413
Sea_cucumber 0.000075 399 211 415 286
Sea_cucumber 0.000087 409 215 416 271
Sea_cucumber 0.000095 399 163 415 238
Sea_cucumber 0.000098 356 99 386 118
Sea_cucumber 0.000110 346 316 406 364
Sea_cucumber 0.000116 47 179 72 198
Sea_cucumber 0.000128 1 299 10 333
Sea_cucumber 0.000133 3 412 21 415
Sea_cucumber 0.000133 0 278 17 346
Sea_cucumber 0.000157 204 357 261 398
Sea_cucumber 0.000182 0 305 16 384
Sea_cucumber 0.000184 1 319 6 342
Sea_cucumber 0.000198 0 315 6 380
Sea_cucumber 0.000203 0 313 18 336
Sea_cucumber 0.000232 1 309 7 327
Sea_cucumber 0.000249 0 410 7 416
Sea_cucumber 0.000259 407 210 415 244
Sea_cucumber 0.000295 1 312 10 351
Sea_cucumber 0.001072 1 316 9 330
