Sea_cucumber 0.000808 0 226 7 277
Sea_cucumber 0.000845 37 405 98 415
Sea_cucumber 0.001032 411 383 416 410
Sea_cucumber 0.001071 167 268 232 301
Sea_cucumber 0.001150 371 408 416 415
Sea_cucumber 0.001180 18 407 70 415
Sea_cucumber 0.001188 0 333 8 348
Sea_cucumber 0.001290 0 339 9 355
Sea_cucumber 0.001363 411 3 416 20
Sea_cucumber 0.001911 1 227 7 247
Sea_cucumber 0.001938 395 410 416 415
Sea_cucumber 0.002016 0 338 41 358
Sea_cucumber 0.002274 408 0 415 7
Sea_cucumber 0.002333 0 207 8 249
Sea_cucumber 0.002899 408 377 416 415
Sea_cucumber 0.003823 34 394 86 414
Sea_cucumber 0.006668 409 397 416 412
Sea_cucumber 0.007891 408 407 416 415
Sea_cucumber 0.033203 160 273 209 321
Sea_cucumber 0.062378 161 303 179 326
