Sea_cucumber 0.000148 286 253 317 280
Sea_cucumber 0.000150 309 97 339 121
Sea_cucumber 0.000157 409 187 415 237
Sea_cucumber 0.000158 408 299 415 319
Sea_cucumber 0.000179 411 258 416 279
Sea_cucumber 0.000189 34 0 53 5
Sea_cucumber 0.000194 396 166 416 194
Sea_cucumber 0.000197 410 170 415 189
Sea_cucumber 0.000198 1 82 7 100
Sea_cucumber 0.000208 411 186 416 206
Sea_cucumber 0.000229 407 169 415 206
Sea_cucumber 0.000231 298 60 316 92
Sea_cucumber 0.000261 294 238 325 254
Sea_cucumber 0.000346 0 3 6 18
Sea_cucumber 0.000424 0 0 21 8
Sea_cucumber 0.000442 0 77 7 91
Sea_cucumber 0.002121 293 241 353 280
Sea_cucumber 0.002325 0 0 7 10
Sea_cucumber 0.003529 294 244 325 262
Sea_cucumber 0.019010 296 249 336 271
