Sea_cucumber 0.000426 409 376 416 416
Sea_cucumber 0.000516 197 0 222 6
Sea_cucumber 0.000728 404 0 416 15
Sea_cucumber 0.000778 409 76 416 122
Sea_cucumber 0.000883 410 7 415 80
Sea_cucumber 0.001187 374 0 416 9
Sea_cucumber 0.001246 412 12 416 42
Sea_cucumber 0.001554 396 410 414 416
Sea_cucumber 0.001586 164 0 214 10
Sea_cucumber 0.001762 412 82 416 101
Sea_cucumber 0.001936 411 398 416 413
Sea_cucumber 0.002092 194 0 225 21
Sea_cucumber 0.002994 402 0 416 80
Sea_cucumber 0.003603 399 0 415 25
Sea_cucumber 0.004657 409 407 415 415
Sea_cucumber 0.025131 407 0 416 39
Sea_cucumber 0.066240 408 3 415 17
Sea_cucumber 0.135345 407 1 416 9
Sea_cucumber 0.279505 190 0 218 11
Sea_cucumber 0.495917 198 3 224 49
