Sea_cucumber 0.000006 101 413 131 415
Sea_cucumber 0.000006 200 0 223 3
Sea_cucumber 0.000006 51 414 84 415
Sea_cucumber 0.000006 393 0 414 4
Sea_cucumber 0.000007 59 410 125 415
Sea_cucumber 0.000007 413 2 416 21
Sea_cucumber 0.000008 85 413 116 415
Sea_cucumber 0.000008 251 297 286 318
Sea_cucumber 0.000010 396 413 411 415
Sea_cucumber 0.000010 0 1 3 20
Sea_cucumber 0.000011 368 0 408 45
Sea_cucumber 0.000012 2 0 22 4
Sea_cucumber 0.000012 71 413 96 415
Sea_cucumber 0.000012 1 395 3 413
Sea_cucumber 0.000016 8 413 32 415
Sea_cucumber 0.000022 411 411 415 415
Sea_cucumber 0.000022 4 412 20 415
Sea_cucumber 0.000045 410 1 415 7
Sea_cucumber 0.000051 0 0 6 6
Sea_cucumber 0.000080 1 409 5 415
