Sea_cucumber 0.007018 40 126 71 173
Sea_cucumber 0.007355 408 214 416 227
Sea_cucumber 0.007752 250 409 270 415
Sea_cucumber 0.008609 0 108 4 124
Sea_cucumber 0.008687 1 235 9 251
Sea_cucumber 0.013357 106 408 126 415
Sea_cucumber 0.014372 11 125 44 172
Sea_cucumber 0.016949 349 139 383 157
Sea_cucumber 0.031066 49 18 69 52
Sea_cucumber 0.035616 45 14 59 43
Sea_cucumber 0.043794 215 190 254 212
Sea_cucumber 0.045691 300 107 313 139
Sea_cucumber 0.052436 156 213 202 228
Sea_cucumber 0.052739 32 17 55 55
Sea_cucumber 0.055703 366 47 381 75
Sea_cucumber 0.082020 162 7 178 31
Sea_cucumber 0.083458 1 238 39 267
Sea_cucumber 0.094147 53 320 65 347
Sea_cucumber 0.147912 366 51 398 82
Sea_cucumber 0.875648 109 154 151 168
