Sea_cucumber 0.000165 396 412 413 415
Sea_cucumber 0.000165 282 412 304 416
Sea_cucumber 0.000209 0 0 7 29
Sea_cucumber 0.000210 0 116 5 178
Sea_cucumber 0.000212 294 410 354 416
Sea_cucumber 0.000213 412 2 416 21
Sea_cucumber 0.000310 410 409 415 415
Sea_cucumber 0.000372 408 1 415 6
Sea_cucumber 0.000377 1 411 21 415
Sea_cucumber 0.000379 0 4 5 50
Sea_cucumber 0.000436 0 89 8 127
Sea_cucumber 0.000442 0 0 5 8
Sea_cucumber 0.000483 223 75 249 92
Sea_cucumber 0.000542 0 110 5 135
Sea_cucumber 0.000588 0 409 9 416
Sea_cucumber 0.000601 303 412 327 416
Sea_cucumber 0.000651 0 103 7 143
Sea_cucumber 0.001109 298 411 316 416
Sea_cucumber 0.002469 0 10 3 30
Sea_cucumber 0.003194 0 108 7 123
