Sea_cucumber 0.000421 394 409 415 415
Sea_cucumber 0.000435 0 6 7 17
Sea_cucumber 0.000445 399 199 415 224
Sea_cucumber 0.000492 408 407 415 415
Sea_cucumber 0.000531 220 0 269 5
Sea_cucumber 0.000544 361 31 386 84
Sea_cucumber 0.000551 408 201 415 222
Sea_cucumber 0.000559 191 76 234 96
Sea_cucumber 0.000566 227 196 273 235
Sea_cucumber 0.000664 380 393 415 415
Sea_cucumber 0.000675 238 0 268 3
Sea_cucumber 0.000841 396 312 415 375
Sea_cucumber 0.001343 406 31 415 72
Sea_cucumber 0.001458 398 315 415 335
Sea_cucumber 0.001629 75 31 108 56
Sea_cucumber 0.002347 406 30 415 45
Sea_cucumber 0.002934 294 24 320 47
Sea_cucumber 0.003164 215 81 242 99
Sea_cucumber 0.005572 397 30 415 59
Sea_cucumber 0.015853 244 199 272 224
