Sea_cucumber 0.000549 0 193 7 246
Sea_cucumber 0.000570 81 0 152 6
Sea_cucumber 0.000617 0 185 11 222
Sea_cucumber 0.000828 0 194 7 213
Sea_cucumber 0.001084 106 154 159 190
Sea_cucumber 0.002006 1 319 52 416
Sea_cucumber 0.002068 0 190 25 215
Sea_cucumber 0.003045 0 179 26 249
Sea_cucumber 0.003541 0 319 64 334
Sea_cucumber 0.003655 150 0 225 8
Sea_cucumber 0.004318 141 0 158 14
Sea_cucumber 0.004335 151 0 208 17
Sea_cucumber 0.018329 122 0 159 11
Sea_cucumber 0.032207 112 157 139 185
Sea_cucumber 0.045217 146 0 182 13
Sea_cucumber 0.187328 148 0 161 11
Sea_cucumber 0.413874 0 165 29 209
Sea_cucumber 0.833453 0 319 59 362
Sea_cucumber 0.869887 93 44 158 74
Sea_cucumber 0.995096 95 99 150 140
