Sea_cucumber 0.000219 0 379 8 414
Sea_cucumber 0.000244 0 73 5 94
Sea_cucumber 0.000273 408 1 415 7
Sea_cucumber 0.000296 17 412 38 416
Sea_cucumber 0.000321 0 81 5 133
Sea_cucumber 0.000328 394 412 414 416
Sea_cucumber 0.000329 175 2 249 33
Sea_cucumber 0.000379 159 47 211 95
Sea_cucumber 0.000398 0 388 6 405
Sea_cucumber 0.000444 9 410 29 415
Sea_cucumber 0.000454 0 72 7 112
Sea_cucumber 0.000539 411 280 416 302
Sea_cucumber 0.000832 0 398 7 411
Sea_cucumber 0.000913 410 408 415 415
Sea_cucumber 0.000920 3 393 34 414
Sea_cucumber 0.001303 59 407 72 415
Sea_cucumber 0.001320 0 89 4 110
Sea_cucumber 0.001553 3 410 20 415
Sea_cucumber 0.002034 0 407 9 415
Sea_cucumber 0.890366 176 0 213 26
