Sea_cucumber 0.000106 135 412 161 415
Sea_cucumber 0.000109 108 409 173 416
Sea_cucumber 0.000112 394 0 415 5
Sea_cucumber 0.000119 159 410 184 415
Sea_cucumber 0.000119 0 0 6 6
Sea_cucumber 0.000126 64 407 104 415
Sea_cucumber 0.000151 140 406 189 415
Sea_cucumber 0.000177 0 230 5 244
Sea_cucumber 0.000193 382 318 414 344
Sea_cucumber 0.000197 82 408 134 416
Sea_cucumber 0.000253 407 0 415 6
Sea_cucumber 0.000257 0 24 6 63
Sea_cucumber 0.000275 147 411 166 415
Sea_cucumber 0.000310 168 339 181 359
Sea_cucumber 0.000575 0 9 6 46
Sea_cucumber 0.000790 0 18 4 39
Sea_cucumber 0.001244 84 409 100 415
Sea_cucumber 0.001569 0 34 4 50
Sea_cucumber 0.002041 155 394 187 412
Sea_cucumber 0.007367 0 31 5 42
