Sea_cucumber 0.000353 413 7 416 47
Sea_cucumber 0.000394 398 0 415 25
Sea_cucumber 0.000508 138 62 196 110
Sea_cucumber 0.000561 228 0 277 6
Sea_cucumber 0.000564 402 235 416 324
Sea_cucumber 0.000747 238 0 267 4
Sea_cucumber 0.000800 413 206 415 251
Sea_cucumber 0.001059 371 0 416 8
Sea_cucumber 0.001480 395 1 416 7
Sea_cucumber 0.001792 401 0 415 76
Sea_cucumber 0.002262 250 0 301 6
Sea_cucumber 0.002369 412 244 416 273
Sea_cucumber 0.003241 402 190 416 272
Sea_cucumber 0.003440 409 238 415 280
Sea_cucumber 0.004197 255 0 280 4
Sea_cucumber 0.006331 410 0 416 41
Sea_cucumber 0.014799 410 213 416 256
Sea_cucumber 0.033763 410 243 415 258
Sea_cucumber 0.034340 410 3 415 18
Sea_cucumber 0.058938 410 1 416 9
