Sea_cucumber 0.000007 99 413 132 415
Sea_cucumber 0.000007 358 414 386 415
Sea_cucumber 0.000008 23 413 49 415
Sea_cucumber 0.000008 67 413 101 415
Sea_cucumber 0.000008 1 394 3 414
Sea_cucumber 0.000009 368 1 407 46
Sea_cucumber 0.000012 413 2 416 21
Sea_cucumber 0.000013 284 413 316 415
Sea_cucumber 0.000013 87 413 114 415
Sea_cucumber 0.000015 385 413 407 415
Sea_cucumber 0.000015 2 412 22 415
Sea_cucumber 0.000017 0 1 3 21
Sea_cucumber 0.000019 393 0 415 4
Sea_cucumber 0.000019 2 0 22 5
Sea_cucumber 0.000023 9 413 32 415
Sea_cucumber 0.000028 396 413 412 416
Sea_cucumber 0.000053 408 0 415 6
Sea_cucumber 0.000077 411 410 415 416
Sea_cucumber 0.000077 1 409 5 415
Sea_cucumber 0.000086 0 0 5 7
