Sea_cucumber 0.000055 99 398 134 415
Sea_cucumber 0.000056 412 396 416 414
Sea_cucumber 0.000056 1 355 5 416
Sea_cucumber 0.000063 1 394 4 415
Sea_cucumber 0.000064 413 6 415 31
Sea_cucumber 0.000064 384 413 408 416
Sea_cucumber 0.000068 6 413 33 415
Sea_cucumber 0.000069 370 413 391 415
Sea_cucumber 0.000070 394 2 415 6
Sea_cucumber 0.000108 0 0 8 5
Sea_cucumber 0.000151 87 412 113 415
Sea_cucumber 0.000173 395 412 414 416
Sea_cucumber 0.000241 94 408 138 415
Sea_cucumber 0.000248 2 412 21 415
Sea_cucumber 0.000262 226 0 245 3
Sea_cucumber 0.000303 102 411 129 415
Sea_cucumber 0.000418 411 2 415 20
Sea_cucumber 0.000451 410 409 415 415
Sea_cucumber 0.000472 409 1 415 8
Sea_cucumber 0.000528 1 409 7 415
