Sea_cucumber 0.000034 413 2 416 20
Sea_cucumber 0.000037 313 410 383 415
Sea_cucumber 0.000044 1 151 5 178
Sea_cucumber 0.000051 1 124 6 188
Sea_cucumber 0.000052 0 115 18 192
Sea_cucumber 0.000052 33 411 54 415
Sea_cucumber 0.000062 396 412 413 415
Sea_cucumber 0.000063 4 412 20 415
Sea_cucumber 0.000064 317 413 346 415
Sea_cucumber 0.000066 0 183 18 207
Sea_cucumber 0.000070 0 195 5 211
Sea_cucumber 0.000071 1 410 6 415
Sea_cucumber 0.000072 410 1 415 8
Sea_cucumber 0.000083 3 189 17 200
Sea_cucumber 0.000123 410 409 415 416
Sea_cucumber 0.000151 1 151 9 194
Sea_cucumber 0.000193 1 187 8 203
Sea_cucumber 0.000278 1 171 6 190
Sea_cucumber 0.000360 1 178 8 198
Sea_cucumber 0.001249 0 165 19 196
