Sea_cucumber 0.004477 411 2 416 21
Sea_cucumber 0.004772 297 196 317 229
Sea_cucumber 0.004835 285 209 315 233
Sea_cucumber 0.005164 130 407 166 416
Sea_cucumber 0.009807 409 0 415 8
Sea_cucumber 0.009879 139 406 188 415
Sea_cucumber 0.010792 123 0 159 8
Sea_cucumber 0.011460 270 225 297 244
Sea_cucumber 0.015607 132 409 149 416
Sea_cucumber 0.027008 273 216 311 239
Sea_cucumber 0.055034 142 394 188 413
Sea_cucumber 0.059024 328 164 382 201
Sea_cucumber 0.085497 269 276 297 295
Sea_cucumber 0.185853 286 277 297 295
Sea_cucumber 0.426530 247 374 279 416
Sea_cucumber 0.446165 184 116 225 131
Sea_cucumber 0.476381 339 187 376 200
Sea_cucumber 0.551203 325 156 384 174
Sea_cucumber 0.625054 150 389 190 402
Sea_cucumber 0.822878 253 1 282 44
