Sea_cucumber 0.000238 346 257 365 282
Sea_cucumber 0.000259 409 33 415 86
Sea_cucumber 0.000293 409 30 415 44
Sea_cucumber 0.000323 393 14 413 42
Sea_cucumber 0.000357 287 412 313 416
Sea_cucumber 0.000367 9 0 31 4
Sea_cucumber 0.000421 406 29 416 58
Sea_cucumber 0.000449 311 261 383 289
Sea_cucumber 0.000526 0 407 8 416
Sea_cucumber 0.000644 0 130 5 180
Sea_cucumber 0.000652 0 142 15 225
Sea_cucumber 0.000716 338 267 359 281
Sea_cucumber 0.000717 395 26 415 88
Sea_cucumber 0.001388 409 37 415 53
Sea_cucumber 0.001403 0 0 9 6
Sea_cucumber 0.001738 0 136 3 160
Sea_cucumber 0.006089 393 31 411 42
Sea_cucumber 0.009734 394 31 414 54
Sea_cucumber 0.076117 337 264 376 284
Sea_cucumber 0.704576 364 258 382 282
