Sea_cucumber 0.000732 117 412 146 415
Sea_cucumber 0.000743 253 253 287 273
Sea_cucumber 0.000821 270 299 288 358
Sea_cucumber 0.000964 0 408 40 415
Sea_cucumber 0.001348 273 336 283 351
Sea_cucumber 0.001781 254 269 285 294
Sea_cucumber 0.001823 138 0 153 46
Sea_cucumber 0.002172 0 408 10 416
Sea_cucumber 0.004832 4 409 20 416
Sea_cucumber 0.005431 126 0 180 55
Sea_cucumber 0.007120 108 408 174 416
Sea_cucumber 0.009836 127 400 235 416
Sea_cucumber 0.010293 271 330 286 356
Sea_cucumber 0.017449 159 409 232 416
Sea_cucumber 0.578511 128 4 151 63
Sea_cucumber 0.643088 131 406 212 415
Sea_cucumber 0.700002 274 342 287 355
Sea_cucumber 0.924628 260 261 287 278
Sea_cucumber 0.938451 70 43 115 66
Sea_cucumber 0.996708 33 108 81 163
