Sea_cucumber 0.000062 408 65 416 103
Sea_cucumber 0.000066 57 0 126 6
Sea_cucumber 0.000069 0 128 2 167
Sea_cucumber 0.000078 1 412 9 415
Sea_cucumber 0.000081 410 0 416 42
Sea_cucumber 0.000100 248 19 305 34
Sea_cucumber 0.000101 165 13 178 28
Sea_cucumber 0.000107 0 0 7 6
Sea_cucumber 0.000109 412 26 416 43
Sea_cucumber 0.000110 410 80 415 135
Sea_cucumber 0.000118 168 12 207 28
Sea_cucumber 0.000123 0 101 4 131
Sea_cucumber 0.000127 137 103 195 207
Sea_cucumber 0.000148 412 1 416 22
Sea_cucumber 0.000190 365 5 416 45
Sea_cucumber 0.000281 409 85 416 99
Sea_cucumber 0.000292 0 78 6 137
Sea_cucumber 0.000387 411 0 416 7
Sea_cucumber 0.000547 0 119 4 144
Sea_cucumber 0.000666 0 106 6 157
