Sea_cucumber 0.000366 0 271 8 312
Sea_cucumber 0.000397 411 410 415 415
Sea_cucumber 0.000457 1 28 13 116
Sea_cucumber 0.000475 271 227 302 261
Sea_cucumber 0.000635 1 409 8 415
Sea_cucumber 0.000641 144 410 200 416
Sea_cucumber 0.000680 157 413 188 416
Sea_cucumber 0.000733 0 284 5 301
Sea_cucumber 0.000836 0 0 5 58
Sea_cucumber 0.001775 170 410 222 416
Sea_cucumber 0.001941 0 43 3 75
Sea_cucumber 0.003277 277 262 318 290
Sea_cucumber 0.003975 0 25 4 78
Sea_cucumber 0.006678 277 228 311 298
Sea_cucumber 0.007023 177 411 199 415
Sea_cucumber 0.010969 0 31 3 57
Sea_cucumber 0.442647 257 53 308 77
Sea_cucumber 0.450306 273 259 294 294
Sea_cucumber 0.656233 386 109 411 155
Sea_cucumber 0.724658 288 228 308 260
