Sea_cucumber 0.004430 407 156 415 203
Sea_cucumber 0.004491 409 103 415 127
Sea_cucumber 0.005011 0 10 4 30
Sea_cucumber 0.005178 407 95 416 137
Sea_cucumber 0.005739 410 321 416 373
Sea_cucumber 0.006386 411 301 416 345
Sea_cucumber 0.007243 399 148 416 220
Sea_cucumber 0.009400 404 112 415 168
Sea_cucumber 0.013138 413 313 416 336
Sea_cucumber 0.019015 195 410 212 416
Sea_cucumber 0.020293 404 142 415 184
Sea_cucumber 0.030153 412 328 416 349
Sea_cucumber 0.049779 398 104 416 147
Sea_cucumber 0.064788 412 325 416 339
Sea_cucumber 0.486043 397 114 416 186
Sea_cucumber 0.501323 340 140 385 168
Sea_cucumber 0.683113 75 222 106 264
Sea_cucumber 0.776921 88 59 122 88
Sea_cucumber 0.990520 251 177 304 213
Sea_cucumber 0.997844 195 192 249 240
