Sea_cucumber 0.000084 393 412 415 416
Sea_cucumber 0.000090 169 411 190 416
Sea_cucumber 0.000094 0 220 4 236
Sea_cucumber 0.000103 398 326 415 354
Sea_cucumber 0.000117 326 412 353 416
Sea_cucumber 0.000117 366 0 410 7
Sea_cucumber 0.000118 411 410 416 416
Sea_cucumber 0.000159 150 317 176 364
Sea_cucumber 0.000175 409 321 415 343
Sea_cucumber 0.000182 139 310 155 341
Sea_cucumber 0.000186 366 0 393 4
Sea_cucumber 0.000209 337 409 390 415
Sea_cucumber 0.000246 342 412 369 415
Sea_cucumber 0.000285 35 213 53 245
Sea_cucumber 0.000292 408 181 415 192
Sea_cucumber 0.000353 0 1 4 20
Sea_cucumber 0.000372 0 409 9 416
Sea_cucumber 0.000399 2 410 22 415
Sea_cucumber 0.000727 0 0 5 10
Sea_cucumber 0.000810 137 301 169 360
