Sea_cucumber 0.000854 411 298 416 317
Sea_cucumber 0.000859 1 8 10 49
Sea_cucumber 0.000867 0 62 20 88
Sea_cucumber 0.001065 407 40 415 94
Sea_cucumber 0.001104 170 409 221 416
Sea_cucumber 0.001195 70 375 97 404
Sea_cucumber 0.001219 399 34 416 110
Sea_cucumber 0.001223 395 289 415 315
Sea_cucumber 0.001318 407 15 415 57
Sea_cucumber 0.001403 397 214 415 240
Sea_cucumber 0.001425 0 365 8 411
Sea_cucumber 0.001776 170 410 189 416
Sea_cucumber 0.001964 409 130 416 180
Sea_cucumber 0.002369 0 24 18 50
Sea_cucumber 0.002575 299 48 332 68
Sea_cucumber 0.002817 410 120 415 145
Sea_cucumber 0.003615 0 27 21 87
Sea_cucumber 0.005611 407 42 415 61
Sea_cucumber 0.008515 408 130 415 150
Sea_cucumber 0.033826 399 39 415 66
