Sea_cucumber 0.000040 323 413 357 416
Sea_cucumber 0.000044 244 410 325 415
Sea_cucumber 0.000047 308 410 371 415
Sea_cucumber 0.000053 412 28 416 44
Sea_cucumber 0.000059 410 374 416 416
Sea_cucumber 0.000066 368 409 416 415
Sea_cucumber 0.000066 413 374 416 402
Sea_cucumber 0.000066 6 413 33 415
Sea_cucumber 0.000078 0 0 6 7
Sea_cucumber 0.000102 413 3 416 21
Sea_cucumber 0.000109 338 410 406 415
Sea_cucumber 0.000147 412 385 415 407
Sea_cucumber 0.000152 342 412 369 415
Sea_cucumber 0.000154 393 0 415 4
Sea_cucumber 0.000191 411 394 415 413
Sea_cucumber 0.000200 1 412 21 415
Sea_cucumber 0.000219 394 412 414 416
Sea_cucumber 0.000271 409 1 415 6
Sea_cucumber 0.000325 1 410 8 415
Sea_cucumber 0.000346 410 409 415 415
