Sea_cucumber 0.000022 55 409 113 415
Sea_cucumber 0.000023 1 396 4 414
Sea_cucumber 0.000025 0 290 6 342
Sea_cucumber 0.000027 198 362 213 395
Sea_cucumber 0.000028 375 357 385 367
Sea_cucumber 0.000028 1 0 22 4
Sea_cucumber 0.000028 271 361 416 415
Sea_cucumber 0.000029 200 351 265 394
Sea_cucumber 0.000042 409 1 415 8
Sea_cucumber 0.000043 327 295 412 405
Sea_cucumber 0.000051 70 413 97 415
Sea_cucumber 0.000062 2 412 21 415
Sea_cucumber 0.000063 0 327 3 351
Sea_cucumber 0.000066 50 412 71 415
Sea_cucumber 0.000070 215 340 280 380
Sea_cucumber 0.000071 0 0 6 6
Sea_cucumber 0.000161 1 409 7 415
Sea_cucumber 0.000196 60 411 76 415
Sea_cucumber 0.000211 0 319 4 333
Sea_cucumber 0.001370 0 327 4 335
