Sea_cucumber 0.002851 339 128 372 150
Sea_cucumber 0.002930 254 409 269 416
Sea_cucumber 0.003038 332 366 364 393
Sea_cucumber 0.003140 1 170 10 188
Sea_cucumber 0.003195 268 20 302 34
Sea_cucumber 0.003220 408 314 415 336
Sea_cucumber 0.003354 407 325 415 369
Sea_cucumber 0.003509 29 394 58 413
Sea_cucumber 0.004032 271 411 294 416
Sea_cucumber 0.004155 1 85 21 115
Sea_cucumber 0.005285 398 323 416 355
Sea_cucumber 0.008067 262 407 307 415
Sea_cucumber 0.008509 348 366 363 381
Sea_cucumber 0.015131 407 325 415 341
Sea_cucumber 0.020427 266 396 318 416
Sea_cucumber 0.027722 267 409 284 415
Sea_cucumber 0.028737 365 182 399 208
Sea_cucumber 0.060242 396 312 416 339
Sea_cucumber 0.698134 260 380 279 414
Sea_cucumber 0.881662 77 302 106 333
