Sea_cucumber 0.000007 3 413 21 415
Sea_cucumber 0.000007 178 0 244 5
Sea_cucumber 0.000007 0 1 3 20
Sea_cucumber 0.000008 250 410 318 415
Sea_cucumber 0.000008 104 413 127 415
Sea_cucumber 0.000009 299 413 332 415
Sea_cucumber 0.000009 1 0 22 4
Sea_cucumber 0.000010 263 413 289 415
Sea_cucumber 0.000010 281 410 351 415
Sea_cucumber 0.000011 367 0 415 92
Sea_cucumber 0.000011 412 397 415 413
Sea_cucumber 0.000011 207 0 233 3
Sea_cucumber 0.000015 397 413 412 415
Sea_cucumber 0.000020 175 413 199 415
Sea_cucumber 0.000032 290 413 311 416
Sea_cucumber 0.000033 409 1 415 7
Sea_cucumber 0.000036 1 410 6 415
Sea_cucumber 0.000042 367 0 407 44
Sea_cucumber 0.000049 0 0 7 6
Sea_cucumber 0.000114 411 409 415 415
