Sea_cucumber 0.000009 384 0 409 3
Sea_cucumber 0.000010 357 0 416 6
Sea_cucumber 0.000011 395 413 412 416
Sea_cucumber 0.000011 394 0 415 54
Sea_cucumber 0.000013 3 412 21 415
Sea_cucumber 0.000014 321 413 344 415
Sea_cucumber 0.000016 207 412 232 415
Sea_cucumber 0.000017 384 413 406 415
Sea_cucumber 0.000019 0 0 23 4
Sea_cucumber 0.000019 336 412 359 415
Sea_cucumber 0.000023 224 412 248 415
Sea_cucumber 0.000025 0 410 7 416
Sea_cucumber 0.000025 396 0 414 5
Sea_cucumber 0.000026 370 413 391 416
Sea_cucumber 0.000028 0 0 3 22
Sea_cucumber 0.000034 345 366 409 411
Sea_cucumber 0.000054 411 410 416 416
Sea_cucumber 0.000059 408 0 416 7
Sea_cucumber 0.000082 366 1 414 48
Sea_cucumber 0.000183 0 0 6 7
