Sea_cucumber 0.000383 212 401 229 414
Sea_cucumber 0.000390 0 409 8 415
Sea_cucumber 0.000459 124 0 154 3
Sea_cucumber 0.000461 0 135 2 159
Sea_cucumber 0.000484 237 413 266 416
Sea_cucumber 0.000513 86 0 131 7
Sea_cucumber 0.000521 112 0 169 5
Sea_cucumber 0.000586 92 84 103 131
Sea_cucumber 0.000598 217 398 268 416
Sea_cucumber 0.000668 410 409 415 416
Sea_cucumber 0.000785 58 78 90 130
Sea_cucumber 0.000937 227 410 293 416
Sea_cucumber 0.001253 203 397 236 415
Sea_cucumber 0.001541 62 137 91 158
Sea_cucumber 0.003123 76 77 101 134
Sea_cucumber 0.003368 219 411 251 416
Sea_cucumber 0.003397 176 408 234 416
Sea_cucumber 0.003924 115 0 133 3
Sea_cucumber 0.013128 214 407 257 415
Sea_cucumber 0.045814 212 408 229 416
