Sea_cucumber 0.000040 272 410 329 416
Sea_cucumber 0.000041 394 412 413 416
Sea_cucumber 0.000041 370 201 415 292
Sea_cucumber 0.000041 413 175 416 200
Sea_cucumber 0.000045 413 2 416 21
Sea_cucumber 0.000045 323 363 395 392
Sea_cucumber 0.000048 411 168 416 223
Sea_cucumber 0.000050 78 0 106 4
Sea_cucumber 0.000054 412 251 416 268
Sea_cucumber 0.000057 2 412 22 415
Sea_cucumber 0.000062 367 222 398 278
Sea_cucumber 0.000063 411 410 415 416
Sea_cucumber 0.000081 281 412 303 415
Sea_cucumber 0.000085 52 0 100 8
Sea_cucumber 0.000093 410 0 415 7
Sea_cucumber 0.000093 69 0 131 6
Sea_cucumber 0.000098 0 0 7 6
Sea_cucumber 0.000171 414 202 416 221
Sea_cucumber 0.000190 1 410 6 415
Sea_cucumber 0.848570 381 226 406 275
