Sea_cucumber 0.000302 2 411 21 415
Sea_cucumber 0.000363 413 298 416 317
Sea_cucumber 0.000420 393 411 415 416
Sea_cucumber 0.000436 406 0 416 17
Sea_cucumber 0.000478 316 411 345 416
Sea_cucumber 0.000504 402 1 416 74
Sea_cucumber 0.000522 412 11 415 43
Sea_cucumber 0.000635 411 0 415 70
Sea_cucumber 0.000717 387 0 416 11
Sea_cucumber 0.000719 276 267 308 285
Sea_cucumber 0.000813 410 408 416 416
Sea_cucumber 0.000842 272 408 329 415
Sea_cucumber 0.001123 1 409 7 415
Sea_cucumber 0.001177 301 398 330 415
Sea_cucumber 0.001505 396 1 415 9
Sea_cucumber 0.001620 306 408 357 416
Sea_cucumber 0.002180 399 0 415 24
Sea_cucumber 0.004623 306 408 327 415
Sea_cucumber 0.015492 408 1 416 37
Sea_cucumber 0.180706 409 4 415 17
