Sea_cucumber 0.005447 297 55 318 67
Sea_cucumber 0.006459 238 390 268 416
Sea_cucumber 0.007578 155 155 174 173
Sea_cucumber 0.009406 0 300 5 329
Sea_cucumber 0.011428 229 67 260 91
Sea_cucumber 0.013509 1 263 10 306
Sea_cucumber 0.013583 0 263 16 331
Sea_cucumber 0.021906 1 290 7 312
Sea_cucumber 0.027309 0 290 16 363
Sea_cucumber 0.048605 0 297 8 349
Sea_cucumber 0.113378 231 57 325 88
Sea_cucumber 0.151413 1 288 11 326
Sea_cucumber 0.333238 153 152 205 173
Sea_cucumber 0.380715 229 68 299 96
Sea_cucumber 0.477944 269 51 317 71
Sea_cucumber 0.632394 246 370 274 415
Sea_cucumber 0.972428 364 210 401 297
Sea_cucumber 0.972880 75 164 127 223
Sea_cucumber 0.986271 303 75 334 132
Sea_cucumber 0.990793 130 355 204 399
