Sea_cucumber 0.000648 322 284 343 296
Sea_cucumber 0.000665 285 34 317 54
Sea_cucumber 0.000690 309 28 325 44
Sea_cucumber 0.000773 300 31 327 54
Sea_cucumber 0.000802 263 409 320 416
Sea_cucumber 0.000808 295 280 364 309
Sea_cucumber 0.000944 321 283 357 303
Sea_cucumber 0.000973 268 19 325 59
Sea_cucumber 0.001111 292 12 322 32
Sea_cucumber 0.001352 71 134 129 170
Sea_cucumber 0.001847 327 287 368 313
Sea_cucumber 0.002142 261 410 292 415
Sea_cucumber 0.002718 286 18 315 38
Sea_cucumber 0.003337 218 409 239 416
Sea_cucumber 0.004417 78 136 120 149
Sea_cucumber 0.004428 292 23 324 48
Sea_cucumber 0.005008 305 283 343 300
Sea_cucumber 0.007164 228 409 294 416
Sea_cucumber 0.012828 0 155 20 173
Sea_cucumber 0.013986 307 15 326 40
