Sea_cucumber 0.000136 341 345 373 406
Sea_cucumber 0.000142 388 319 405 330
Sea_cucumber 0.000183 411 395 416 414
Sea_cucumber 0.000248 399 302 415 359
Sea_cucumber 0.000262 399 321 416 343
Sea_cucumber 0.000279 395 411 415 416
Sea_cucumber 0.000359 412 340 416 370
Sea_cucumber 0.000472 390 313 415 337
Sea_cucumber 0.000504 379 315 415 369
Sea_cucumber 0.000533 411 369 416 390
Sea_cucumber 0.000636 408 355 415 404
Sea_cucumber 0.000693 410 409 416 416
Sea_cucumber 0.001816 410 308 415 328
Sea_cucumber 0.002245 407 298 416 336
Sea_cucumber 0.002658 402 317 412 332
Sea_cucumber 0.002969 402 316 415 400
Sea_cucumber 0.003788 409 325 416 385
Sea_cucumber 0.005855 410 324 416 354
Sea_cucumber 0.007180 367 319 408 342
Sea_cucumber 0.180563 405 316 416 347
