Sea_cucumber 0.000445 409 361 415 416
Sea_cucumber 0.000457 195 64 214 83
Sea_cucumber 0.000472 116 258 129 297
Sea_cucumber 0.000478 411 219 415 237
Sea_cucumber 0.000549 354 410 374 415
Sea_cucumber 0.000570 0 410 8 415
Sea_cucumber 0.000570 395 1 415 4
Sea_cucumber 0.000579 407 0 414 5
Sea_cucumber 0.000654 413 363 416 381
Sea_cucumber 0.000746 363 410 381 415
Sea_cucumber 0.000941 410 409 416 416
Sea_cucumber 0.001266 395 411 414 416
Sea_cucumber 0.001567 378 390 413 414
Sea_cucumber 0.001757 342 377 357 415
Sea_cucumber 0.001951 375 377 416 414
Sea_cucumber 0.002298 349 393 381 415
Sea_cucumber 0.074679 356 374 399 416
Sea_cucumber 0.084951 83 48 100 84
Sea_cucumber 0.514232 376 378 395 416
Sea_cucumber 0.962296 180 60 223 82
