Sea_cucumber 0.000007 181 237 416 416
Sea_cucumber 0.000008 350 412 362 415
Sea_cucumber 0.000009 242 313 416 416
Sea_cucumber 0.000009 325 372 416 398
Sea_cucumber 0.000009 4 412 20 415
Sea_cucumber 0.000009 409 355 413 386
Sea_cucumber 0.000010 266 1 285 4
Sea_cucumber 0.000011 332 413 348 415
Sea_cucumber 0.000011 411 348 413 381
Sea_cucumber 0.000011 2 0 22 4
Sea_cucumber 0.000015 370 365 376 375
Sea_cucumber 0.000015 342 413 354 415
Sea_cucumber 0.000018 368 355 377 369
Sea_cucumber 0.000023 270 362 416 415
Sea_cucumber 0.000028 375 357 385 367
Sea_cucumber 0.000032 165 67 238 108
Sea_cucumber 0.000039 327 294 411 406
Sea_cucumber 0.000042 409 1 415 8
Sea_cucumber 0.000042 1 410 5 415
Sea_cucumber 0.000048 0 0 6 6
