Sea_cucumber 0.002297 399 176 415 260
Sea_cucumber 0.004043 408 332 415 395
Sea_cucumber 0.004185 409 225 415 247
Sea_cucumber 0.004807 400 332 415 416
Sea_cucumber 0.004861 407 313 415 336
Sea_cucumber 0.005017 154 0 190 23
Sea_cucumber 0.005633 406 259 415 276
Sea_cucumber 0.006608 408 238 415 267
Sea_cucumber 0.006880 407 269 415 331
Sea_cucumber 0.009879 404 249 416 284
Sea_cucumber 0.012726 406 213 415 261
Sea_cucumber 0.021198 401 234 416 331
Sea_cucumber 0.039203 399 328 416 368
Sea_cucumber 0.046018 0 45 41 75
Sea_cucumber 0.094810 400 294 415 339
Sea_cucumber 0.316094 399 232 415 272
Sea_cucumber 0.325994 400 320 415 346
Sea_cucumber 0.771141 0 36 73 79
Sea_cucumber 0.979214 277 1 311 67
Sea_cucumber 0.988699 223 233 259 288
