Sea_cucumber 0.000096 0 412 23 416
Sea_cucumber 0.000107 0 0 7 6
Sea_cucumber 0.000109 409 0 415 6
Sea_cucumber 0.000111 349 349 381 377
Sea_cucumber 0.000112 411 409 415 416
Sea_cucumber 0.000119 413 348 416 378
Sea_cucumber 0.000126 408 302 415 347
Sea_cucumber 0.000140 410 336 416 391
Sea_cucumber 0.000174 212 0 277 5
Sea_cucumber 0.000218 397 326 415 355
Sea_cucumber 0.000337 412 320 416 346
Sea_cucumber 0.000368 49 412 72 416
Sea_cucumber 0.000394 0 409 8 415
Sea_cucumber 0.000429 273 412 294 416
Sea_cucumber 0.000583 409 319 416 361
Sea_cucumber 0.000629 245 0 292 7
Sea_cucumber 0.000772 255 0 282 4
Sea_cucumber 0.000925 315 84 375 124
Sea_cucumber 0.001125 412 332 416 362
Sea_cucumber 0.001316 319 108 357 122
