Sea_cucumber 0.000121 46 409 105 416
Sea_cucumber 0.000123 266 0 284 4
Sea_cucumber 0.000144 373 0 416 9
Sea_cucumber 0.000157 171 284 200 337
Sea_cucumber 0.000162 262 171 274 186
Sea_cucumber 0.000183 395 73 415 137
Sea_cucumber 0.000208 398 102 415 129
Sea_cucumber 0.000236 82 398 115 414
Sea_cucumber 0.000256 0 81 3 102
Sea_cucumber 0.000286 96 412 117 415
Sea_cucumber 0.000435 407 118 415 130
Sea_cucumber 0.000506 78 407 120 415
Sea_cucumber 0.000647 0 410 9 416
Sea_cucumber 0.000876 3 411 21 415
Sea_cucumber 0.000881 87 410 112 415
Sea_cucumber 0.001059 68 63 81 89
Sea_cucumber 0.001282 247 169 260 186
Sea_cucumber 0.001592 70 63 79 77
Sea_cucumber 0.002465 369 1 389 8
Sea_cucumber 0.005938 249 168 273 187
