Sea_cucumber 0.000282 201 75 263 111
Sea_cucumber 0.000302 219 83 233 100
Sea_cucumber 0.000306 328 394 369 414
Sea_cucumber 0.000318 0 68 7 116
Sea_cucumber 0.000318 0 408 10 416
Sea_cucumber 0.000319 412 3 416 21
Sea_cucumber 0.000333 0 397 9 411
Sea_cucumber 0.000360 382 411 409 415
Sea_cucumber 0.000397 0 156 6 203
Sea_cucumber 0.000399 33 272 72 295
Sea_cucumber 0.000402 410 410 416 416
Sea_cucumber 0.000438 341 407 403 415
Sea_cucumber 0.000811 344 103 372 123
Sea_cucumber 0.000961 345 395 398 415
Sea_cucumber 0.001024 0 178 4 198
Sea_cucumber 0.001203 7 278 34 306
Sea_cucumber 0.001373 192 80 240 122
Sea_cucumber 0.003454 45 262 74 288
Sea_cucumber 0.132079 212 84 233 114
Sea_cucumber 0.173644 340 86 371 118
