Sea_cucumber 0.000054 3 63 45 178
Sea_cucumber 0.000058 189 58 205 79
Sea_cucumber 0.000064 409 0 415 7
Sea_cucumber 0.000085 0 61 23 117
Sea_cucumber 0.000096 16 360 43 385
Sea_cucumber 0.000098 408 221 415 238
Sea_cucumber 0.000100 0 0 8 6
Sea_cucumber 0.000111 0 80 5 102
Sea_cucumber 0.000111 0 76 5 139
Sea_cucumber 0.000113 0 69 8 114
Sea_cucumber 0.000115 151 48 212 94
Sea_cucumber 0.000115 2 412 22 415
Sea_cucumber 0.000149 0 74 7 93
Sea_cucumber 0.000151 195 411 213 415
Sea_cucumber 0.000168 411 410 415 415
Sea_cucumber 0.000198 14 353 64 397
Sea_cucumber 0.000257 0 410 7 415
Sea_cucumber 0.000263 217 258 279 302
Sea_cucumber 0.000381 0 73 27 94
Sea_cucumber 0.000794 2 77 38 104
