Sea_cucumber 0.000026 12 410 76 415
Sea_cucumber 0.000029 259 410 340 415
Sea_cucumber 0.000033 0 0 3 23
Sea_cucumber 0.000036 1 0 23 4
Sea_cucumber 0.000044 411 410 415 416
Sea_cucumber 0.000045 227 413 261 416
Sea_cucumber 0.000051 1 396 5 413
Sea_cucumber 0.000053 0 88 5 159
Sea_cucumber 0.000071 3 413 35 415
Sea_cucumber 0.000074 258 413 293 416
Sea_cucumber 0.000076 408 1 415 7
Sea_cucumber 0.000077 191 413 217 415
Sea_cucumber 0.000100 212 410 277 415
Sea_cucumber 0.000104 0 409 48 415
Sea_cucumber 0.000132 0 0 7 6
Sea_cucumber 0.000169 29 125 45 152
Sea_cucumber 0.000365 240 410 296 415
Sea_cucumber 0.000470 0 411 21 415
Sea_cucumber 0.000552 246 412 274 416
Sea_cucumber 0.000876 1 410 8 415
