Sea_cucumber 0.000008 350 412 362 415
Sea_cucumber 0.000008 242 313 416 416
Sea_cucumber 0.000008 0 1 3 20
Sea_cucumber 0.000009 325 372 416 398
Sea_cucumber 0.000009 409 355 413 386
Sea_cucumber 0.000009 9 413 29 415
Sea_cucumber 0.000010 217 3 275 46
Sea_cucumber 0.000011 332 413 348 415
Sea_cucumber 0.000011 411 348 413 381
Sea_cucumber 0.000014 1 0 23 4
Sea_cucumber 0.000015 370 365 376 375
Sea_cucumber 0.000015 342 412 354 415
Sea_cucumber 0.000018 368 355 377 369
Sea_cucumber 0.000022 271 361 416 415
Sea_cucumber 0.000027 374 357 385 367
Sea_cucumber 0.000030 4 412 20 415
Sea_cucumber 0.000037 326 295 411 405
Sea_cucumber 0.000043 409 1 415 8
Sea_cucumber 0.000049 0 0 7 6
Sea_cucumber 0.000061 1 410 6 415
