Sea_cucumber 0.000074 168 409 225 415
Sea_cucumber 0.000076 108 0 172 6
Sea_cucumber 0.000078 412 174 416 200
Sea_cucumber 0.000082 0 0 6 6
Sea_cucumber 0.000087 395 0 415 5
Sea_cucumber 0.000087 234 409 286 415
Sea_cucumber 0.000098 1 410 7 416
Sea_cucumber 0.000103 200 410 256 415
Sea_cucumber 0.000104 204 412 234 415
Sea_cucumber 0.000109 409 0 416 41
Sea_cucumber 0.000112 413 260 416 291
Sea_cucumber 0.000185 247 412 273 415
Sea_cucumber 0.000200 192 413 217 415
Sea_cucumber 0.000223 111 0 135 3
Sea_cucumber 0.000251 410 248 415 304
Sea_cucumber 0.000294 395 412 413 416
Sea_cucumber 0.000355 411 3 416 20
Sea_cucumber 0.000379 409 0 416 7
Sea_cucumber 0.000416 410 410 415 415
Sea_cucumber 0.000563 412 250 416 268
