Sea_cucumber 0.000336 93 409 156 415
Sea_cucumber 0.000348 411 226 416 294
Sea_cucumber 0.000350 1 408 6 415
Sea_cucumber 0.000386 0 126 7 169
Sea_cucumber 0.000502 143 411 169 415
Sea_cucumber 0.000523 126 412 154 416
Sea_cucumber 0.000601 409 409 415 415
Sea_cucumber 0.000613 394 412 414 416
Sea_cucumber 0.000679 413 313 416 349
Sea_cucumber 0.000715 125 408 170 415
Sea_cucumber 0.001084 400 293 415 337
Sea_cucumber 0.001269 0 150 6 164
Sea_cucumber 0.001601 412 268 416 301
Sea_cucumber 0.004755 402 243 415 319
Sea_cucumber 0.007974 403 296 416 388
Sea_cucumber 0.008870 411 301 416 330
Sea_cucumber 0.014284 410 297 416 365
Sea_cucumber 0.029340 408 257 415 312
Sea_cucumber 0.076469 409 290 415 311
Sea_cucumber 0.135424 407 288 416 327
