Sea_cucumber 0.000026 130 0 198 6
Sea_cucumber 0.000027 356 87 388 111
Sea_cucumber 0.000032 103 0 129 4
Sea_cucumber 0.000032 384 413 407 415
Sea_cucumber 0.000038 395 412 413 415
Sea_cucumber 0.000043 70 358 141 395
Sea_cucumber 0.000045 2 412 22 415
Sea_cucumber 0.000046 135 0 159 5
Sea_cucumber 0.000051 409 0 415 6
Sea_cucumber 0.000054 411 410 416 416
Sea_cucumber 0.000059 102 0 145 8
Sea_cucumber 0.000075 0 0 6 6
Sea_cucumber 0.000082 349 94 406 139
Sea_cucumber 0.000093 0 409 7 416
Sea_cucumber 0.000095 113 0 136 5
Sea_cucumber 0.000103 46 378 76 397
Sea_cucumber 0.000159 123 0 157 9
Sea_cucumber 0.000399 124 1 140 7
Sea_cucumber 0.000825 229 268 275 284
Sea_cucumber 0.001067 336 377 355 403
