Sea_cucumber 0.000027 395 412 413 416
Sea_cucumber 0.000031 124 126 181 172
Sea_cucumber 0.000031 374 47 385 61
Sea_cucumber 0.000031 123 412 139 415
Sea_cucumber 0.000032 105 411 126 415
Sea_cucumber 0.000034 298 320 361 362
Sea_cucumber 0.000047 374 15 403 39
Sea_cucumber 0.000049 0 2 4 19
Sea_cucumber 0.000056 81 412 103 416
Sea_cucumber 0.000061 411 394 416 415
Sea_cucumber 0.000062 89 411 110 415
Sea_cucumber 0.000078 333 274 362 294
Sea_cucumber 0.000079 0 212 7 228
Sea_cucumber 0.000094 80 1 100 6
Sea_cucumber 0.000108 2 412 20 415
Sea_cucumber 0.000113 365 14 415 64
Sea_cucumber 0.000126 346 32 409 75
Sea_cucumber 0.000128 0 0 6 7
Sea_cucumber 0.000143 411 409 416 415
Sea_cucumber 0.000188 0 411 9 416
