Sea_cucumber 0.000005 0 373 114 416
Sea_cucumber 0.000005 0 3 3 19
Sea_cucumber 0.000005 209 339 290 379
Sea_cucumber 0.000005 344 17 409 59
Sea_cucumber 0.000005 0 331 105 412
Sea_cucumber 0.000005 328 1 390 40
Sea_cucumber 0.000006 3 413 21 415
Sea_cucumber 0.000006 0 7 106 93
Sea_cucumber 0.000007 397 4 414 74
Sea_cucumber 0.000007 413 243 416 261
Sea_cucumber 0.000008 2 0 54 44
Sea_cucumber 0.000009 411 411 415 415
Sea_cucumber 0.000011 394 1 414 5
Sea_cucumber 0.000015 413 3 416 20
Sea_cucumber 0.000016 0 0 6 6
Sea_cucumber 0.000018 362 30 413 78
Sea_cucumber 0.000020 1 411 6 415
Sea_cucumber 0.000021 366 0 410 46
Sea_cucumber 0.000025 228 324 301 365
Sea_cucumber 0.000046 409 1 415 7
