Sea_cucumber 0.000110 411 145 415 165
Sea_cucumber 0.000112 389 396 416 415
Sea_cucumber 0.000115 308 0 371 7
Sea_cucumber 0.000154 388 0 416 20
Sea_cucumber 0.000198 413 6 416 32
Sea_cucumber 0.000198 407 0 416 27
Sea_cucumber 0.000212 383 412 411 416
Sea_cucumber 0.000222 410 396 415 414
Sea_cucumber 0.000258 257 80 282 126
Sea_cucumber 0.000284 373 409 416 416
Sea_cucumber 0.000395 371 0 416 7
Sea_cucumber 0.001120 411 3 416 18
Sea_cucumber 0.001274 395 0 416 6
Sea_cucumber 0.001659 407 409 415 416
Sea_cucumber 0.002816 407 0 415 8
Sea_cucumber 0.002902 275 110 320 196
Sea_cucumber 0.002990 395 410 415 415
Sea_cucumber 0.013085 284 164 305 191
Sea_cucumber 0.370461 286 138 313 190
Sea_cucumber 0.971854 254 76 316 126
