Sea_cucumber 0.000444 0 89 4 113
Sea_cucumber 0.000466 267 0 285 7
Sea_cucumber 0.000478 113 108 132 121
Sea_cucumber 0.000528 151 87 178 113
Sea_cucumber 0.000538 228 107 260 127
Sea_cucumber 0.000583 0 80 7 120
Sea_cucumber 0.000593 174 80 183 107
Sea_cucumber 0.000639 410 229 415 245
Sea_cucumber 0.000753 16 0 40 4
Sea_cucumber 0.000763 0 316 6 364
Sea_cucumber 0.000801 0 97 7 134
Sea_cucumber 0.000862 371 0 416 6
Sea_cucumber 0.001356 223 103 276 140
Sea_cucumber 0.001357 368 0 391 4
Sea_cucumber 0.001598 115 101 148 120
Sea_cucumber 0.001938 0 99 5 117
Sea_cucumber 0.002291 0 338 5 359
Sea_cucumber 0.002437 228 114 247 138
Sea_cucumber 0.020801 168 84 180 113
Sea_cucumber 0.061818 170 67 195 114
