Sea_cucumber 0.000384 1 411 22 415
Sea_cucumber 0.000392 409 317 416 361
Sea_cucumber 0.000418 62 410 76 416
Sea_cucumber 0.000491 408 308 416 340
Sea_cucumber 0.000506 411 304 416 331
Sea_cucumber 0.000518 8 372 20 389
Sea_cucumber 0.000550 0 409 8 416
Sea_cucumber 0.000580 14 368 25 391
Sea_cucumber 0.000584 410 395 416 414
Sea_cucumber 0.000713 396 410 414 416
Sea_cucumber 0.000745 18 358 32 390
Sea_cucumber 0.001309 410 186 416 237
Sea_cucumber 0.001315 408 407 415 416
Sea_cucumber 0.001411 156 384 187 411
Sea_cucumber 0.001670 150 393 177 413
Sea_cucumber 0.003124 409 317 416 332
Sea_cucumber 0.004598 411 190 416 203
Sea_cucumber 0.004856 6 380 22 394
Sea_cucumber 0.642298 8 364 29 395
Sea_cucumber 0.937930 195 115 226 160
