Sea_cucumber 0.000185 375 411 400 415
Sea_cucumber 0.000191 0 410 22 415
Sea_cucumber 0.000204 411 55 416 81
Sea_cucumber 0.000206 367 68 415 111
Sea_cucumber 0.000208 308 0 356 7
Sea_cucumber 0.000219 395 410 414 415
Sea_cucumber 0.000234 275 411 292 416
Sea_cucumber 0.000237 0 397 6 412
Sea_cucumber 0.000286 379 170 415 191
Sea_cucumber 0.000302 188 0 236 6
Sea_cucumber 0.000309 339 0 359 4
Sea_cucumber 0.000348 142 0 168 3
Sea_cucumber 0.000380 0 0 8 6
Sea_cucumber 0.000401 220 192 271 233
Sea_cucumber 0.000507 410 408 416 416
Sea_cucumber 0.000537 0 407 7 415
Sea_cucumber 0.000559 368 181 415 222
Sea_cucumber 0.000754 406 63 415 105
Sea_cucumber 0.001735 399 72 415 112
Sea_cucumber 0.001820 251 195 267 224
