Sea_cucumber 0.000007 411 2 415 21
Sea_cucumber 0.000008 242 313 416 416
Sea_cucumber 0.000008 350 412 362 415
Sea_cucumber 0.000009 324 372 416 398
Sea_cucumber 0.000009 409 355 413 386
Sea_cucumber 0.000011 332 414 349 415
Sea_cucumber 0.000011 411 348 413 381
Sea_cucumber 0.000012 1 1 4 21
Sea_cucumber 0.000012 9 413 29 415
Sea_cucumber 0.000015 370 365 376 375
Sea_cucumber 0.000015 342 413 354 415
Sea_cucumber 0.000018 368 355 377 369
Sea_cucumber 0.000021 272 360 416 415
Sea_cucumber 0.000027 0 0 24 4
Sea_cucumber 0.000028 374 357 385 367
Sea_cucumber 0.000032 4 413 20 415
Sea_cucumber 0.000037 326 295 411 405
Sea_cucumber 0.000043 409 1 415 8
Sea_cucumber 0.000073 1 410 6 415
Sea_cucumber 0.000140 0 0 8 5
