Sea_cucumber 0.002629 341 141 385 160
Sea_cucumber 0.003529 397 309 415 339
Sea_cucumber 0.003925 341 148 359 180
Sea_cucumber 0.004253 385 409 407 415
Sea_cucumber 0.006474 382 324 411 352
Sea_cucumber 0.007279 407 82 415 100
Sea_cucumber 0.009658 407 69 415 87
Sea_cucumber 0.011206 404 76 416 107
Sea_cucumber 0.013085 409 91 416 110
Sea_cucumber 0.029493 195 201 211 226
Sea_cucumber 0.029692 381 78 415 105
Sea_cucumber 0.031911 389 392 414 415
Sea_cucumber 0.033985 398 72 415 95
Sea_cucumber 0.084068 404 77 415 89
Sea_cucumber 0.361376 341 20 368 80
Sea_cucumber 0.406962 341 140 374 185
Sea_cucumber 0.736008 268 106 302 127
Sea_cucumber 0.810786 197 53 226 78
Sea_cucumber 0.909745 211 327 256 367
Sea_cucumber 0.913332 365 304 392 354
