Sea_cucumber 0.002631 394 333 415 389
Sea_cucumber 0.002782 219 376 279 415
Sea_cucumber 0.003080 408 125 416 141
Sea_cucumber 0.003302 410 369 416 390
Sea_cucumber 0.003456 176 409 216 416
Sea_cucumber 0.003575 406 334 415 376
Sea_cucumber 0.004582 242 409 265 415
Sea_cucumber 0.005374 259 398 274 414
Sea_cucumber 0.005599 409 366 415 410
Sea_cucumber 0.009083 217 406 271 415
Sea_cucumber 0.015397 186 410 206 416
Sea_cucumber 0.018924 257 405 311 415
Sea_cucumber 0.019310 354 337 389 360
Sea_cucumber 0.023641 404 332 415 349
Sea_cucumber 0.028340 232 395 272 416
Sea_cucumber 0.031517 252 405 269 415
Sea_cucumber 0.088920 255 395 295 416
Sea_cucumber 0.224790 387 333 402 358
Sea_cucumber 0.527814 390 332 414 354
Sea_cucumber 0.736389 337 345 358 402
