Sea_cucumber 0.000154 335 409 393 415
Sea_cucumber 0.000181 0 184 5 238
Sea_cucumber 0.000196 0 409 61 415
Sea_cucumber 0.000227 368 1 416 6
Sea_cucumber 0.000264 30 409 91 416
Sea_cucumber 0.000272 374 412 402 416
Sea_cucumber 0.000272 0 397 6 413
Sea_cucumber 0.000283 63 411 89 415
Sea_cucumber 0.000285 0 214 6 257
Sea_cucumber 0.000290 362 409 414 415
Sea_cucumber 0.000401 0 159 5 215
Sea_cucumber 0.000405 409 410 415 416
Sea_cucumber 0.000460 0 0 7 7
Sea_cucumber 0.000465 0 235 4 253
Sea_cucumber 0.000470 406 0 415 5
Sea_cucumber 0.000544 0 163 4 180
Sea_cucumber 0.000589 393 0 415 3
Sea_cucumber 0.000658 393 412 414 416
Sea_cucumber 0.000944 0 411 22 415
Sea_cucumber 0.002494 0 409 8 415
