Sea_cucumber 0.000185 117 409 179 415
Sea_cucumber 0.000202 162 395 195 415
Sea_cucumber 0.000218 407 410 415 416
Sea_cucumber 0.000225 410 215 416 239
Sea_cucumber 0.000228 411 0 416 23
Sea_cucumber 0.000232 394 411 414 415
Sea_cucumber 0.000237 0 396 7 415
Sea_cucumber 0.000262 0 209 5 278
Sea_cucumber 0.000425 296 21 362 55
Sea_cucumber 0.000444 2 395 21 415
Sea_cucumber 0.000473 153 411 174 415
Sea_cucumber 0.000497 176 407 216 416
Sea_cucumber 0.000614 0 249 3 272
Sea_cucumber 0.000615 70 241 97 259
Sea_cucumber 0.000809 410 0 416 10
Sea_cucumber 0.001153 154 407 191 415
Sea_cucumber 0.001261 0 407 11 416
Sea_cucumber 0.003777 178 407 194 416
Sea_cucumber 0.005990 310 32 340 55
Sea_cucumber 0.007147 3 407 21 415
