Sea_cucumber 0.000246 0 0 6 8
Sea_cucumber 0.000301 402 0 416 13
Sea_cucumber 0.000304 325 410 354 414
Sea_cucumber 0.000309 321 409 391 415
Sea_cucumber 0.000339 360 43 383 56
Sea_cucumber 0.000481 411 71 416 100
Sea_cucumber 0.000502 315 0 331 2
Sea_cucumber 0.000526 407 0 415 39
Sea_cucumber 0.000926 55 10 125 41
Sea_cucumber 0.000956 408 3 416 17
Sea_cucumber 0.001051 226 265 246 288
Sea_cucumber 0.001068 396 0 416 24
Sea_cucumber 0.001096 70 349 129 367
Sea_cucumber 0.001265 100 115 118 134
Sea_cucumber 0.002083 384 0 412 5
Sea_cucumber 0.002310 408 84 416 100
Sea_cucumber 0.003262 360 0 416 7
Sea_cucumber 0.023164 65 19 118 35
Sea_cucumber 0.097444 348 33 383 56
Sea_cucumber 0.163685 397 0 415 8
