Sea_cucumber 0.003536 42 191 76 206
Sea_cucumber 0.003543 409 95 415 119
Sea_cucumber 0.003787 162 150 179 181
Sea_cucumber 0.004787 411 302 415 328
Sea_cucumber 0.009127 406 76 416 108
Sea_cucumber 0.011498 203 130 225 162
Sea_cucumber 0.011582 300 410 314 415
Sea_cucumber 0.013002 408 275 416 308
Sea_cucumber 0.013489 397 90 416 127
Sea_cucumber 0.014738 382 207 408 251
Sea_cucumber 0.016502 409 294 416 338
Sea_cucumber 0.017610 187 167 217 194
Sea_cucumber 0.021364 408 91 415 107
Sea_cucumber 0.024456 410 283 416 303
Sea_cucumber 0.037059 42 197 64 206
Sea_cucumber 0.045075 159 167 186 192
Sea_cucumber 0.057140 409 298 416 314
Sea_cucumber 0.117324 409 295 415 306
Sea_cucumber 0.518500 162 164 215 199
Sea_cucumber 0.526851 381 208 399 233
