Sea_cucumber 0.000304 358 412 387 416
Sea_cucumber 0.000324 361 408 415 415
Sea_cucumber 0.000389 52 1 100 10
Sea_cucumber 0.000395 399 83 415 158
Sea_cucumber 0.000418 337 409 392 415
Sea_cucumber 0.000462 389 80 415 104
Sea_cucumber 0.000485 1 396 5 415
Sea_cucumber 0.000519 363 69 415 109
Sea_cucumber 0.000519 67 4 101 17
Sea_cucumber 0.000520 409 409 416 416
Sea_cucumber 0.000545 412 93 416 122
Sea_cucumber 0.000599 397 36 415 109
Sea_cucumber 0.001127 2 411 21 415
Sea_cucumber 0.001186 411 74 416 97
Sea_cucumber 0.001197 409 64 416 104
Sea_cucumber 0.001561 410 84 415 147
Sea_cucumber 0.003575 1 409 8 415
Sea_cucumber 0.004859 410 84 416 100
Sea_cucumber 0.874541 91 231 139 255
Sea_cucumber 0.997907 73 78 136 126
