Sea_cucumber 0.000560 409 396 415 414
Sea_cucumber 0.000581 358 407 402 416
Sea_cucumber 0.000581 391 395 415 416
Sea_cucumber 0.000629 1 214 9 258
Sea_cucumber 0.000638 165 410 193 416
Sea_cucumber 0.000716 0 219 18 253
Sea_cucumber 0.000778 356 409 375 415
Sea_cucumber 0.000853 148 103 165 125
Sea_cucumber 0.000892 411 304 416 327
Sea_cucumber 0.000964 409 23 416 65
Sea_cucumber 0.001005 0 238 20 266
Sea_cucumber 0.001136 408 406 415 416
Sea_cucumber 0.001496 395 407 413 416
Sea_cucumber 0.001591 158 398 187 415
Sea_cucumber 0.001826 133 406 180 416
Sea_cucumber 0.001984 409 43 416 61
Sea_cucumber 0.003788 75 363 109 393
Sea_cucumber 0.004526 147 94 218 125
Sea_cucumber 0.010109 162 405 179 416
Sea_cucumber 0.383743 149 97 182 124
