Sea_cucumber 0.000026 50 134 66 144
Sea_cucumber 0.000026 380 277 401 288
Sea_cucumber 0.000027 409 266 416 301
Sea_cucumber 0.000029 334 412 345 415
Sea_cucumber 0.000031 0 0 23 4
Sea_cucumber 0.000033 410 0 416 7
Sea_cucumber 0.000034 40 1 61 5
Sea_cucumber 0.000039 1 413 24 415
Sea_cucumber 0.000039 382 157 409 173
Sea_cucumber 0.000040 411 259 415 277
Sea_cucumber 0.000051 119 20 155 62
Sea_cucumber 0.000054 0 363 61 416
Sea_cucumber 0.000059 0 0 7 6
Sea_cucumber 0.000066 1 412 9 415
Sea_cucumber 0.000089 412 266 416 289
Sea_cucumber 0.000090 0 181 4 196
Sea_cucumber 0.000104 359 226 386 246
Sea_cucumber 0.000162 412 283 416 298
Sea_cucumber 0.000383 411 278 416 291
Sea_cucumber 0.000933 382 266 408 288
