Sea_cucumber 0.000088 383 413 410 416
Sea_cucumber 0.000089 412 3 416 21
Sea_cucumber 0.000091 368 409 416 416
Sea_cucumber 0.000094 186 411 206 415
Sea_cucumber 0.000098 351 413 377 416
Sea_cucumber 0.000103 409 376 416 416
Sea_cucumber 0.000106 410 321 416 343
Sea_cucumber 0.000110 137 412 158 415
Sea_cucumber 0.000116 3 411 20 415
Sea_cucumber 0.000121 409 0 415 6
Sea_cucumber 0.000123 410 113 415 167
Sea_cucumber 0.000156 1 409 7 416
Sea_cucumber 0.000178 397 327 415 392
Sea_cucumber 0.000198 409 321 415 374
Sea_cucumber 0.000257 412 114 416 133
Sea_cucumber 0.000283 349 362 363 380
Sea_cucumber 0.000328 93 312 110 332
Sea_cucumber 0.000333 410 396 416 414
Sea_cucumber 0.000520 395 411 415 416
Sea_cucumber 0.001128 408 408 415 415
