Sea_cucumber 0.000093 266 409 334 415
Sea_cucumber 0.000112 0 57 6 110
Sea_cucumber 0.000116 0 0 6 6
Sea_cucumber 0.000118 400 36 416 112
Sea_cucumber 0.000150 271 0 313 10
Sea_cucumber 0.000161 398 71 416 138
Sea_cucumber 0.000165 1 411 22 415
Sea_cucumber 0.000174 344 373 410 412
Sea_cucumber 0.000178 365 413 394 416
Sea_cucumber 0.000179 320 410 393 415
Sea_cucumber 0.000202 208 0 232 4
Sea_cucumber 0.000219 273 1 293 8
Sea_cucumber 0.000270 360 410 416 415
Sea_cucumber 0.000312 410 46 416 105
Sea_cucumber 0.000317 411 81 416 102
Sea_cucumber 0.000332 409 409 416 416
Sea_cucumber 0.000359 407 80 415 119
Sea_cucumber 0.000386 394 411 413 416
Sea_cucumber 0.000513 0 409 7 415
Sea_cucumber 0.002671 66 29 98 45
