Sea_cucumber 0.001270 148 250 161 285
Sea_cucumber 0.001319 159 140 171 160
Sea_cucumber 0.001605 161 167 170 190
Sea_cucumber 0.001679 246 146 288 170
Sea_cucumber 0.001693 139 1 156 21
Sea_cucumber 0.001827 256 0 281 5
Sea_cucumber 0.002268 242 140 274 159
Sea_cucumber 0.002831 255 5 270 30
Sea_cucumber 0.002892 138 1 157 8
Sea_cucumber 0.003744 132 152 142 189
Sea_cucumber 0.004082 108 144 135 189
Sea_cucumber 0.006865 258 163 288 178
Sea_cucumber 0.007498 117 258 147 276
Sea_cucumber 0.013784 233 152 254 178
Sea_cucumber 0.019899 267 0 287 4
Sea_cucumber 0.020942 125 149 138 183
Sea_cucumber 0.042815 233 143 269 170
Sea_cucumber 0.062908 254 0 284 25
Sea_cucumber 0.388002 233 154 286 177
Sea_cucumber 0.464039 158 142 171 188
