Sea_cucumber 0.000926 145 411 168 415
Sea_cucumber 0.001018 412 234 416 255
Sea_cucumber 0.001041 0 62 4 90
Sea_cucumber 0.001060 2 411 24 416
Sea_cucumber 0.001100 202 409 234 415
Sea_cucumber 0.001406 0 72 8 111
Sea_cucumber 0.001753 156 392 186 415
Sea_cucumber 0.001961 70 78 101 93
Sea_cucumber 0.002148 411 248 416 269
Sea_cucumber 0.002378 0 55 7 97
Sea_cucumber 0.002390 28 92 55 106
Sea_cucumber 0.002483 155 410 174 415
Sea_cucumber 0.003097 195 400 258 415
Sea_cucumber 0.004251 160 407 216 416
Sea_cucumber 0.007499 203 408 268 416
Sea_cucumber 0.007716 0 78 6 92
Sea_cucumber 0.008136 410 246 416 258
Sea_cucumber 0.588841 290 81 308 124
Sea_cucumber 0.892052 192 405 231 415
Sea_cucumber 0.953474 155 365 184 413
