Sea_cucumber 0.000705 140 144 156 171
Sea_cucumber 0.000766 204 186 239 204
Sea_cucumber 0.000776 114 146 150 169
Sea_cucumber 0.000838 276 1 289 8
Sea_cucumber 0.000851 63 393 101 412
Sea_cucumber 0.000949 116 204 130 219
Sea_cucumber 0.000982 66 398 86 410
Sea_cucumber 0.001143 209 174 245 188
Sea_cucumber 0.001201 182 180 227 194
Sea_cucumber 0.001205 65 408 87 415
Sea_cucumber 0.001400 216 409 239 416
Sea_cucumber 0.001855 0 173 6 218
Sea_cucumber 0.001914 261 0 288 20
Sea_cucumber 0.002952 0 184 4 208
Sea_cucumber 0.003254 111 198 139 220
Sea_cucumber 0.003965 198 178 243 197
Sea_cucumber 0.013025 277 3 287 20
Sea_cucumber 0.462456 60 377 95 409
Sea_cucumber 0.748659 109 187 142 209
Sea_cucumber 0.957144 12 72 62 116
