Sea_cucumber 0.000432 393 0 416 6
Sea_cucumber 0.000439 86 67 114 113
Sea_cucumber 0.000495 0 377 19 416
Sea_cucumber 0.000526 1 374 9 416
Sea_cucumber 0.000534 410 409 416 416
Sea_cucumber 0.000559 411 1 416 21
Sea_cucumber 0.000589 259 408 310 415
Sea_cucumber 0.000602 133 340 165 369
Sea_cucumber 0.000615 167 0 183 20
Sea_cucumber 0.000678 153 0 195 13
Sea_cucumber 0.000891 176 273 203 294
Sea_cucumber 0.000916 1 409 20 415
Sea_cucumber 0.000934 177 4 198 16
Sea_cucumber 0.001209 408 0 415 8
Sea_cucumber 0.001460 130 382 146 410
Sea_cucumber 0.001670 1 407 9 416
Sea_cucumber 0.001776 167 0 180 9
Sea_cucumber 0.004280 170 0 191 11
Sea_cucumber 0.026139 276 268 293 288
Sea_cucumber 0.915888 169 0 203 19
