Sea_cucumber 0.000157 207 413 233 416
Sea_cucumber 0.000162 19 124 68 210
Sea_cucumber 0.000181 409 374 415 416
Sea_cucumber 0.000188 199 410 257 415
Sea_cucumber 0.000220 345 395 382 414
Sea_cucumber 0.000248 315 364 371 411
Sea_cucumber 0.000269 350 411 378 415
Sea_cucumber 0.000290 0 374 7 416
Sea_cucumber 0.000354 338 408 390 416
Sea_cucumber 0.000360 412 394 416 414
Sea_cucumber 0.000450 394 411 415 416
Sea_cucumber 0.000524 356 409 416 416
Sea_cucumber 0.000566 0 395 5 414
Sea_cucumber 0.000570 51 289 85 310
Sea_cucumber 0.000597 1 410 21 415
Sea_cucumber 0.000681 409 408 415 416
Sea_cucumber 0.002320 0 408 7 415
Sea_cucumber 0.695311 115 295 166 330
Sea_cucumber 0.831554 314 361 338 410
Sea_cucumber 0.954199 37 140 66 195
