Sea_cucumber 0.000508 340 407 388 416
Sea_cucumber 0.000512 243 151 278 176
Sea_cucumber 0.000515 65 409 88 415
Sea_cucumber 0.000527 307 395 342 415
Sea_cucumber 0.000534 339 410 356 415
Sea_cucumber 0.000539 304 409 330 415
Sea_cucumber 0.000562 0 350 9 364
Sea_cucumber 0.000606 315 404 348 416
Sea_cucumber 0.000624 332 408 349 415
Sea_cucumber 0.000667 170 395 206 415
Sea_cucumber 0.000726 322 409 341 416
Sea_cucumber 0.000727 252 408 270 415
Sea_cucumber 0.000884 410 318 416 363
Sea_cucumber 0.000934 399 347 415 381
Sea_cucumber 0.001555 408 335 415 376
Sea_cucumber 0.001628 334 395 377 416
Sea_cucumber 0.001716 315 407 333 415
Sea_cucumber 0.001844 411 337 416 359
Sea_cucumber 0.007458 45 148 74 174
Sea_cucumber 0.095156 332 392 348 415
