Sea_cucumber 0.001424 0 363 4 383
Sea_cucumber 0.001686 191 222 240 268
Sea_cucumber 0.002104 187 252 222 269
Sea_cucumber 0.002169 82 221 99 248
Sea_cucumber 0.002226 408 409 415 415
Sea_cucumber 0.002394 395 410 413 415
Sea_cucumber 0.003794 149 148 159 165
Sea_cucumber 0.006119 0 372 3 388
Sea_cucumber 0.009599 206 187 221 202
Sea_cucumber 0.027321 343 46 386 64
Sea_cucumber 0.251082 357 50 400 66
Sea_cucumber 0.252546 200 170 220 202
Sea_cucumber 0.426478 138 229 188 243
Sea_cucumber 0.493658 86 82 101 134
Sea_cucumber 0.564606 217 149 250 184
Sea_cucumber 0.603780 342 280 409 307
Sea_cucumber 0.690043 150 152 162 188
Sea_cucumber 0.836273 273 308 300 354
Sea_cucumber 0.909247 166 363 212 385
Sea_cucumber 0.969773 363 158 402 185
