Sea_cucumber 0.002243 189 396 233 416
Sea_cucumber 0.002275 342 0 388 19
Sea_cucumber 0.003556 381 0 411 20
Sea_cucumber 0.003993 175 394 203 416
Sea_cucumber 0.004085 186 0 204 3
Sea_cucumber 0.004813 188 405 220 416
Sea_cucumber 0.005024 335 0 377 8
Sea_cucumber 0.005545 181 408 199 416
Sea_cucumber 0.011875 354 0 373 5
Sea_cucumber 0.013101 406 0 416 8
Sea_cucumber 0.014569 358 0 386 7
Sea_cucumber 0.018170 53 198 79 226
Sea_cucumber 0.033958 190 406 203 416
Sea_cucumber 0.039083 399 0 410 9
Sea_cucumber 0.051657 386 0 403 9
Sea_cucumber 0.091915 363 0 394 11
Sea_cucumber 0.239269 381 0 395 10
Sea_cucumber 0.858430 346 224 384 249
Sea_cucumber 0.931455 191 104 244 139
Sea_cucumber 0.998599 76 22 101 91
