Sea_cucumber 0.000136 360 413 383 416
Sea_cucumber 0.000139 0 4 3 35
Sea_cucumber 0.000162 0 0 27 22
Sea_cucumber 0.000177 411 395 415 413
Sea_cucumber 0.000196 0 409 8 416
Sea_cucumber 0.000244 3 412 22 415
Sea_cucumber 0.000262 286 413 316 416
Sea_cucumber 0.000265 306 413 340 415
Sea_cucumber 0.000276 0 0 6 45
Sea_cucumber 0.000290 393 412 415 416
Sea_cucumber 0.000326 0 0 22 6
Sea_cucumber 0.000331 413 264 416 287
Sea_cucumber 0.000353 240 0 264 3
Sea_cucumber 0.000376 406 0 415 5
Sea_cucumber 0.000430 0 0 5 22
Sea_cucumber 0.000502 410 409 415 415
Sea_cucumber 0.000584 393 0 415 4
Sea_cucumber 0.000591 291 410 340 415
Sea_cucumber 0.001035 0 0 7 7
Sea_cucumber 0.002043 296 412 321 416
