Sea_cucumber 0.001155 85 320 115 343
Sea_cucumber 0.001489 398 122 416 155
Sea_cucumber 0.001726 406 74 415 111
Sea_cucumber 0.001733 408 0 415 6
Sea_cucumber 0.001831 338 409 358 416
Sea_cucumber 0.002657 387 256 415 275
Sea_cucumber 0.003642 378 240 400 265
Sea_cucumber 0.003650 408 278 415 292
Sea_cucumber 0.003770 379 264 413 284
Sea_cucumber 0.004466 409 91 416 110
Sea_cucumber 0.004686 410 113 415 137
Sea_cucumber 0.005714 397 91 416 128
Sea_cucumber 0.007299 409 126 416 168
Sea_cucumber 0.009776 411 135 416 159
Sea_cucumber 0.019263 407 93 415 139
Sea_cucumber 0.031338 396 109 416 139
Sea_cucumber 0.045404 373 230 404 259
Sea_cucumber 0.049949 410 132 416 146
Sea_cucumber 0.073499 373 228 400 243
Sea_cucumber 0.647965 376 244 415 271
