Sea_cucumber 0.002498 258 188 301 234
Sea_cucumber 0.002576 140 0 174 12
Sea_cucumber 0.003366 155 0 209 43
Sea_cucumber 0.004578 260 193 279 230
Sea_cucumber 0.005788 395 18 414 50
Sea_cucumber 0.006701 149 1 166 9
Sea_cucumber 0.006899 407 16 415 53
Sea_cucumber 0.008764 150 3 179 50
Sea_cucumber 0.009987 93 207 122 264
Sea_cucumber 0.010122 370 16 412 57
Sea_cucumber 0.014684 408 19 415 34
Sea_cucumber 0.016637 149 1 179 21
Sea_cucumber 0.018269 409 16 415 27
Sea_cucumber 0.036006 275 301 307 327
Sea_cucumber 0.037403 203 151 233 176
Sea_cucumber 0.067824 267 190 287 219
Sea_cucumber 0.214166 386 19 404 50
Sea_cucumber 0.416500 184 149 236 188
Sea_cucumber 0.671633 200 79 273 106
Sea_cucumber 0.985381 131 254 161 328
