Sea_cucumber 0.000291 0 322 5 343
Sea_cucumber 0.000301 37 0 68 4
Sea_cucumber 0.000319 1 54 19 82
Sea_cucumber 0.000334 1 49 9 87
Sea_cucumber 0.000402 409 395 416 414
Sea_cucumber 0.000405 54 251 81 270
Sea_cucumber 0.000423 374 411 404 415
Sea_cucumber 0.000452 408 408 416 415
Sea_cucumber 0.000472 27 0 77 6
Sea_cucumber 0.000562 115 15 134 43
Sea_cucumber 0.000866 0 164 4 180
Sea_cucumber 0.000927 392 410 416 415
Sea_cucumber 0.001084 55 0 113 7
Sea_cucumber 0.001225 323 408 342 416
Sea_cucumber 0.001281 124 12 141 44
Sea_cucumber 0.001300 1 409 20 415
Sea_cucumber 0.001316 377 397 415 414
Sea_cucumber 0.001436 0 407 10 416
Sea_cucumber 0.002410 375 407 416 415
Sea_cucumber 0.002811 56 0 78 4
