Sea_cucumber 0.002419 279 294 310 368
Sea_cucumber 0.002427 0 216 3 241
Sea_cucumber 0.002526 0 85 8 101
Sea_cucumber 0.002745 228 0 261 15
Sea_cucumber 0.003175 243 0 257 11
Sea_cucumber 0.003902 9 47 26 75
Sea_cucumber 0.004153 173 246 190 275
Sea_cucumber 0.006575 366 1 381 12
Sea_cucumber 0.007696 0 71 25 136
Sea_cucumber 0.011892 207 0 251 20
Sea_cucumber 0.019813 349 0 382 21
Sea_cucumber 0.025768 374 0 416 21
Sea_cucumber 0.047517 1 76 22 105
Sea_cucumber 0.078782 240 0 278 22
Sea_cucumber 0.298355 237 0 253 20
Sea_cucumber 0.445155 369 0 386 20
Sea_cucumber 0.629146 150 321 176 367
Sea_cucumber 0.734283 228 306 260 349
Sea_cucumber 0.812832 0 46 28 104
Sea_cucumber 0.974001 272 328 308 378
