Sea_cucumber 0.000785 47 0 89 9
Sea_cucumber 0.000831 394 411 415 416
Sea_cucumber 0.001107 303 160 316 193
Sea_cucumber 0.001158 49 0 85 48
Sea_cucumber 0.001238 303 142 351 187
Sea_cucumber 0.001280 409 408 415 415
Sea_cucumber 0.001355 43 0 78 22
Sea_cucumber 0.001357 195 60 217 70
Sea_cucumber 0.002325 0 112 6 167
Sea_cucumber 0.002585 193 46 232 64
Sea_cucumber 0.002628 145 151 180 172
Sea_cucumber 0.003036 186 42 240 77
Sea_cucumber 0.006758 0 139 6 187
Sea_cucumber 0.012925 33 18 54 54
Sea_cucumber 0.013983 0 146 5 166
Sea_cucumber 0.088259 306 142 322 185
Sea_cucumber 0.121573 36 1 68 52
Sea_cucumber 0.400752 196 54 228 70
Sea_cucumber 0.870256 231 1 288 33
Sea_cucumber 0.986491 382 231 405 301
