Sea_cucumber 0.000233 0 298 3 318
Sea_cucumber 0.000243 46 408 88 416
Sea_cucumber 0.000260 0 408 8 416
Sea_cucumber 0.000282 374 11 390 39
Sea_cucumber 0.000344 380 12 394 30
Sea_cucumber 0.000362 0 381 5 396
Sea_cucumber 0.000371 0 385 5 406
Sea_cucumber 0.000555 24 412 49 416
Sea_cucumber 0.000592 332 385 363 403
Sea_cucumber 0.000597 19 409 69 416
Sea_cucumber 0.000737 57 410 78 416
Sea_cucumber 0.000810 372 0 389 5
Sea_cucumber 0.001232 216 342 276 375
Sea_cucumber 0.001262 392 127 411 150
Sea_cucumber 0.001540 38 411 66 416
Sea_cucumber 0.001649 223 350 237 360
Sea_cucumber 0.001664 221 352 254 372
Sea_cucumber 0.002111 374 1 389 26
Sea_cucumber 0.035536 223 349 252 362
Sea_cucumber 0.035826 375 5 403 33
