Sea_cucumber 0.002777 93 375 145 410
Sea_cucumber 0.002920 411 37 416 51
Sea_cucumber 0.003284 400 199 416 266
Sea_cucumber 0.004032 411 294 415 368
Sea_cucumber 0.004752 413 266 416 303
Sea_cucumber 0.005621 278 251 311 303
Sea_cucumber 0.006492 409 227 415 248
Sea_cucumber 0.007680 412 300 416 331
Sea_cucumber 0.017624 406 218 416 254
Sea_cucumber 0.027824 223 245 282 259
Sea_cucumber 0.038886 410 253 416 313
Sea_cucumber 0.043191 403 237 416 266
Sea_cucumber 0.064008 410 284 416 331
Sea_cucumber 0.105900 224 248 314 302
Sea_cucumber 0.126995 412 290 416 309
Sea_cucumber 0.139959 406 237 415 300
Sea_cucumber 0.156287 405 239 415 252
Sea_cucumber 0.551913 134 372 146 408
Sea_cucumber 0.789061 23 315 77 350
Sea_cucumber 0.900038 108 170 171 189
