Sea_cucumber 0.000008 54 413 82 415
Sea_cucumber 0.000008 142 0 202 6
Sea_cucumber 0.000009 41 410 111 415
Sea_cucumber 0.000009 312 413 336 415
Sea_cucumber 0.000010 69 413 100 415
Sea_cucumber 0.000010 349 413 379 415
Sea_cucumber 0.000011 4 412 20 415
Sea_cucumber 0.000013 367 413 393 415
Sea_cucumber 0.000013 0 37 5 97
Sea_cucumber 0.000014 393 1 415 4
Sea_cucumber 0.000015 395 413 412 416
Sea_cucumber 0.000016 413 2 416 21
Sea_cucumber 0.000024 162 0 182 3
Sea_cucumber 0.000025 0 20 6 68
Sea_cucumber 0.000031 170 0 189 4
Sea_cucumber 0.000032 1 410 6 416
Sea_cucumber 0.000035 411 410 415 416
Sea_cucumber 0.000036 0 0 6 6
Sea_cucumber 0.000075 409 1 415 7
Sea_cucumber 0.000245 0 44 4 60
