Sea_cucumber 0.000655 410 0 416 8
Sea_cucumber 0.000666 291 407 340 416
Sea_cucumber 0.000788 349 70 376 86
Sea_cucumber 0.000794 162 413 196 416
Sea_cucumber 0.000821 59 408 108 415
Sea_cucumber 0.000903 83 409 134 415
Sea_cucumber 0.000959 411 2 416 23
Sea_cucumber 0.000984 289 408 311 415
Sea_cucumber 0.000985 142 412 171 416
Sea_cucumber 0.001162 249 408 303 415
Sea_cucumber 0.001192 279 409 304 415
Sea_cucumber 0.001308 131 409 180 415
Sea_cucumber 0.001365 89 410 108 415
Sea_cucumber 0.001789 410 409 415 415
Sea_cucumber 0.002259 154 409 206 415
Sea_cucumber 0.002713 341 72 372 94
Sea_cucumber 0.004422 272 404 312 415
Sea_cucumber 0.005502 313 77 371 132
Sea_cucumber 0.006879 156 411 173 415
Sea_cucumber 0.047679 285 396 314 414
