Sea_cucumber 0.001416 409 377 416 416
Sea_cucumber 0.001838 27 0 60 20
Sea_cucumber 0.001849 75 397 108 415
Sea_cucumber 0.001862 411 116 416 132
Sea_cucumber 0.001961 409 293 416 307
Sea_cucumber 0.002069 411 393 416 413
Sea_cucumber 0.002295 128 379 181 416
Sea_cucumber 0.002798 150 407 165 415
Sea_cucumber 0.003100 379 189 396 221
Sea_cucumber 0.004490 21 0 49 12
Sea_cucumber 0.004825 141 392 173 415
Sea_cucumber 0.005891 158 405 170 415
Sea_cucumber 0.013470 0 0 41 10
Sea_cucumber 0.027843 11 0 44 21
Sea_cucumber 0.044584 2 94 34 124
Sea_cucumber 0.143788 31 0 44 11
Sea_cucumber 0.458405 159 380 181 416
Sea_cucumber 0.995403 219 25 280 74
Sea_cucumber 0.996672 140 99 223 135
Sea_cucumber 0.999494 245 346 276 410
