Sea_cucumber 0.000008 258 413 278 415
Sea_cucumber 0.000009 324 372 416 398
Sea_cucumber 0.000009 218 2 274 43
Sea_cucumber 0.000009 276 413 291 415
Sea_cucumber 0.000009 409 355 413 386
Sea_cucumber 0.000010 222 413 250 415
Sea_cucumber 0.000011 267 413 285 415
Sea_cucumber 0.000011 332 414 349 415
Sea_cucumber 0.000011 411 348 413 381
Sea_cucumber 0.000012 0 2 3 19
Sea_cucumber 0.000015 2 0 22 4
Sea_cucumber 0.000015 370 365 376 375
Sea_cucumber 0.000015 342 413 354 415
Sea_cucumber 0.000018 368 355 377 369
Sea_cucumber 0.000021 272 360 416 415
Sea_cucumber 0.000027 374 357 385 367
Sea_cucumber 0.000032 1 410 6 415
Sea_cucumber 0.000036 326 295 410 405
Sea_cucumber 0.000042 409 1 415 8
Sea_cucumber 0.000061 0 0 6 6
