Sea_cucumber 0.000050 0 0 6 6
Sea_cucumber 0.000051 284 137 318 160
Sea_cucumber 0.000053 375 0 416 7
Sea_cucumber 0.000054 174 397 219 415
Sea_cucumber 0.000072 207 395 249 416
Sea_cucumber 0.000077 278 123 311 179
Sea_cucumber 0.000078 265 128 301 154
Sea_cucumber 0.000085 411 409 415 416
Sea_cucumber 0.000090 2 411 21 415
Sea_cucumber 0.000100 411 2 416 21
Sea_cucumber 0.000131 213 412 241 416
Sea_cucumber 0.000148 267 117 328 161
Sea_cucumber 0.000163 0 409 8 416
Sea_cucumber 0.000220 183 407 223 416
Sea_cucumber 0.000221 204 408 252 415
Sea_cucumber 0.000629 393 0 416 4
Sea_cucumber 0.000652 194 410 217 416
Sea_cucumber 0.001527 3 349 41 407
Sea_cucumber 0.002147 205 408 220 415
Sea_cucumber 0.002725 407 0 415 5
