Sea_cucumber 0.000126 59 410 76 415
Sea_cucumber 0.000142 411 310 416 335
Sea_cucumber 0.000142 104 360 130 412
Sea_cucumber 0.000143 52 408 67 415
Sea_cucumber 0.000146 0 0 23 5
Sea_cucumber 0.000153 409 274 416 326
Sea_cucumber 0.000154 0 408 57 415
Sea_cucumber 0.000169 27 394 61 414
Sea_cucumber 0.000169 43 366 68 411
Sea_cucumber 0.000190 256 413 280 416
Sea_cucumber 0.000217 1 216 20 239
Sea_cucumber 0.000221 410 59 415 77
Sea_cucumber 0.000224 1 411 22 415
Sea_cucumber 0.000239 410 304 416 358
Sea_cucumber 0.000255 1 216 7 238
Sea_cucumber 0.000256 51 393 67 414
Sea_cucumber 0.000273 0 0 8 7
Sea_cucumber 0.000388 0 410 8 416
Sea_cucumber 0.000585 48 396 60 411
Sea_cucumber 0.000722 408 306 416 325
