Sea_cucumber 0.000260 0 93 6 138
Sea_cucumber 0.000284 0 98 5 118
Sea_cucumber 0.000302 0 333 5 394
Sea_cucumber 0.000308 0 395 25 415
Sea_cucumber 0.000335 0 253 4 265
Sea_cucumber 0.000457 0 301 7 347
Sea_cucumber 0.000464 34 0 52 2
Sea_cucumber 0.000536 386 411 408 416
Sea_cucumber 0.000657 1 409 22 416
Sea_cucumber 0.000857 162 0 182 3
Sea_cucumber 0.001178 0 318 6 361
Sea_cucumber 0.001279 407 408 415 416
Sea_cucumber 0.001470 0 378 8 415
Sea_cucumber 0.002570 396 409 414 416
Sea_cucumber 0.002720 0 327 4 352
Sea_cucumber 0.003980 0 405 6 415
Sea_cucumber 0.005390 0 396 5 413
Sea_cucumber 0.024556 101 354 111 368
Sea_cucumber 0.026589 102 342 117 369
Sea_cucumber 0.040704 107 334 123 363
