Sea_cucumber 0.000253 0 65 6 86
Sea_cucumber 0.000258 45 409 91 415
Sea_cucumber 0.000343 192 0 216 7
Sea_cucumber 0.000367 2 33 21 56
Sea_cucumber 0.000431 298 278 356 317
Sea_cucumber 0.000463 3 39 37 59
Sea_cucumber 0.000477 88 0 114 3
Sea_cucumber 0.000542 0 255 6 266
Sea_cucumber 0.000593 143 21 153 39
Sea_cucumber 0.000838 3 21 49 57
Sea_cucumber 0.000933 146 258 163 281
Sea_cucumber 0.001231 50 411 69 415
Sea_cucumber 0.001256 302 286 316 314
Sea_cucumber 0.001721 339 15 356 38
Sea_cucumber 0.002027 198 0 243 9
Sea_cucumber 0.004076 137 5 164 54
Sea_cucumber 0.006002 338 5 372 37
Sea_cucumber 0.007615 137 27 148 55
Sea_cucumber 0.007862 9 34 44 52
Sea_cucumber 0.290400 141 23 154 53
