Sea_cucumber 0.001240 74 93 90 126
Sea_cucumber 0.001329 0 408 42 415
Sea_cucumber 0.001700 64 408 120 416
Sea_cucumber 0.003271 238 44 269 73
Sea_cucumber 0.003382 233 409 253 415
Sea_cucumber 0.003509 2 409 21 416
Sea_cucumber 0.003535 61 108 79 137
Sea_cucumber 0.003662 228 407 275 415
Sea_cucumber 0.003965 67 408 85 415
Sea_cucumber 0.004588 385 408 408 415
Sea_cucumber 0.005192 184 243 224 285
Sea_cucumber 0.013849 76 97 125 139
Sea_cucumber 0.032304 141 193 168 216
Sea_cucumber 0.056404 66 99 85 134
Sea_cucumber 0.500414 199 247 220 277
Sea_cucumber 0.575441 382 370 409 414
Sea_cucumber 0.837633 279 233 340 249
Sea_cucumber 0.903084 241 18 275 71
Sea_cucumber 0.991143 350 190 414 241
Sea_cucumber 0.993759 294 31 333 85
