Sea_cucumber 0.000834 290 209 306 231
Sea_cucumber 0.000921 409 409 415 415
Sea_cucumber 0.001054 199 109 231 169
Sea_cucumber 0.001082 411 165 416 195
Sea_cucumber 0.001099 392 411 416 415
Sea_cucumber 0.001428 412 210 416 244
Sea_cucumber 0.001448 409 323 416 371
Sea_cucumber 0.001829 403 200 416 294
Sea_cucumber 0.003044 275 211 305 241
Sea_cucumber 0.003443 196 111 277 189
Sea_cucumber 0.003461 410 203 415 267
Sea_cucumber 0.005500 410 181 415 212
Sea_cucumber 0.005558 377 74 416 140
Sea_cucumber 0.011789 401 163 415 235
Sea_cucumber 0.028609 410 198 415 225
Sea_cucumber 0.038187 407 163 415 215
Sea_cucumber 0.100001 408 188 415 234
Sea_cucumber 0.845304 375 114 414 144
Sea_cucumber 0.980401 364 277 414 322
Sea_cucumber 0.992826 233 109 264 200
