Sea_cucumber 0.000313 40 408 96 415
Sea_cucumber 0.000315 174 0 235 6
Sea_cucumber 0.000319 394 0 416 6
Sea_cucumber 0.000336 286 409 346 415
Sea_cucumber 0.000364 394 411 415 416
Sea_cucumber 0.000455 72 408 128 415
Sea_cucumber 0.000583 360 58 416 91
Sea_cucumber 0.000594 327 59 370 77
Sea_cucumber 0.000640 372 0 416 7
Sea_cucumber 0.000697 0 409 8 415
Sea_cucumber 0.000759 0 26 6 77
Sea_cucumber 0.000907 409 409 416 416
Sea_cucumber 0.001074 0 51 4 70
Sea_cucumber 0.001164 408 0 416 8
Sea_cucumber 0.001172 0 50 5 101
Sea_cucumber 0.002125 201 72 254 123
Sea_cucumber 0.003894 149 314 180 329
Sea_cucumber 0.036530 323 59 400 88
Sea_cucumber 0.376428 207 72 250 96
Sea_cucumber 0.933138 259 242 311 286
