Sea_cucumber 0.000057 384 412 406 416
Sea_cucumber 0.000061 192 413 216 416
Sea_cucumber 0.000064 394 412 415 416
Sea_cucumber 0.000066 209 408 247 416
Sea_cucumber 0.000067 86 394 115 415
Sea_cucumber 0.000068 0 0 6 6
Sea_cucumber 0.000070 0 396 4 413
Sea_cucumber 0.000077 376 411 399 415
Sea_cucumber 0.000082 62 408 105 416
Sea_cucumber 0.000101 0 176 4 200
Sea_cucumber 0.000120 0 408 6 416
Sea_cucumber 0.000122 409 410 415 416
Sea_cucumber 0.000141 93 411 121 416
Sea_cucumber 0.000165 201 412 224 416
Sea_cucumber 0.000217 225 412 244 416
Sea_cucumber 0.000233 84 407 117 416
Sea_cucumber 0.000302 75 410 96 415
Sea_cucumber 0.000393 0 189 4 204
Sea_cucumber 0.001096 218 410 236 416
Sea_cucumber 0.002006 85 408 100 415
