Sea_cucumber 0.000159 135 0 160 3
Sea_cucumber 0.000168 358 0 385 3
Sea_cucumber 0.000178 239 0 264 6
Sea_cucumber 0.000189 409 59 415 77
Sea_cucumber 0.000197 399 285 415 315
Sea_cucumber 0.000212 240 0 297 7
Sea_cucumber 0.000216 314 0 336 3
Sea_cucumber 0.000249 0 115 3 149
Sea_cucumber 0.000250 0 31 3 56
Sea_cucumber 0.000263 286 0 331 6
Sea_cucumber 0.000286 282 0 302 3
Sea_cucumber 0.000304 101 131 117 163
Sea_cucumber 0.000345 409 281 415 319
Sea_cucumber 0.000357 0 98 6 150
Sea_cucumber 0.000400 318 0 379 7
Sea_cucumber 0.000541 0 129 3 166
Sea_cucumber 0.000571 0 146 3 181
Sea_cucumber 0.000736 412 287 416 313
Sea_cucumber 0.000773 0 147 6 196
Sea_cucumber 0.001284 0 120 5 176
