Sea_cucumber 0.000287 124 410 189 416
Sea_cucumber 0.000291 393 0 416 5
Sea_cucumber 0.000325 5 409 68 415
Sea_cucumber 0.000357 319 0 378 7
Sea_cucumber 0.000377 0 0 22 5
Sea_cucumber 0.000398 0 246 5 305
Sea_cucumber 0.000499 1 410 21 415
Sea_cucumber 0.000532 0 407 9 416
Sea_cucumber 0.000550 0 0 4 21
Sea_cucumber 0.000561 368 411 392 415
Sea_cucumber 0.000609 373 408 416 415
Sea_cucumber 0.000726 0 394 8 414
Sea_cucumber 0.000799 395 411 414 416
Sea_cucumber 0.000906 409 0 416 6
Sea_cucumber 0.001805 409 409 415 415
Sea_cucumber 0.002472 0 0 7 8
Sea_cucumber 0.874718 80 351 162 377
Sea_cucumber 0.885431 277 209 323 243
Sea_cucumber 0.977934 324 7 401 37
Sea_cucumber 0.991906 32 66 112 104
