Sea_cucumber 0.000010 1 0 22 4
Sea_cucumber 0.000013 412 396 416 413
Sea_cucumber 0.000014 397 413 411 415
Sea_cucumber 0.000017 412 3 415 20
Sea_cucumber 0.000028 1 368 3 408
Sea_cucumber 0.000038 0 0 7 6
Sea_cucumber 0.000039 409 1 415 7
Sea_cucumber 0.000093 2 333 17 416
Sea_cucumber 0.000115 2 400 15 413
Sea_cucumber 0.000120 411 410 415 415
Sea_cucumber 0.000188 5 412 33 416
Sea_cucumber 0.000200 0 409 63 415
Sea_cucumber 0.000364 0 396 27 415
Sea_cucumber 0.000604 1 359 6 416
Sea_cucumber 0.000661 1 385 5 411
Sea_cucumber 0.000777 0 407 29 416
Sea_cucumber 0.005320 0 392 11 415
Sea_cucumber 0.006842 0 409 18 415
Sea_cucumber 0.019354 0 400 9 412
Sea_cucumber 0.081964 0 407 11 414
