Sea_cucumber 0.000063 142 410 218 415
Sea_cucumber 0.000066 0 190 5 217
Sea_cucumber 0.000070 1 84 19 114
Sea_cucumber 0.000072 158 393 241 416
Sea_cucumber 0.000087 0 0 7 6
Sea_cucumber 0.000093 0 135 6 192
Sea_cucumber 0.000095 0 188 5 251
Sea_cucumber 0.000099 0 118 3 146
Sea_cucumber 0.000099 0 70 8 114
Sea_cucumber 0.000105 1 412 23 415
Sea_cucumber 0.000110 0 144 16 226
Sea_cucumber 0.000117 408 1 415 7
Sea_cucumber 0.000117 175 407 232 415
Sea_cucumber 0.000124 0 114 7 165
Sea_cucumber 0.000133 411 409 415 415
Sea_cucumber 0.000144 0 82 5 102
Sea_cucumber 0.000176 0 86 6 145
Sea_cucumber 0.000261 1 410 6 415
Sea_cucumber 0.000268 0 160 7 215
Sea_cucumber 0.000517 203 394 234 414
