Sea_cucumber 0.000360 339 277 356 292
Sea_cucumber 0.000413 211 0 245 3
Sea_cucumber 0.000456 176 0 248 6
Sea_cucumber 0.000473 249 1 286 8
Sea_cucumber 0.000493 332 278 349 292
Sea_cucumber 0.000513 408 0 415 6
Sea_cucumber 0.000719 177 0 289 16
Sea_cucumber 0.001070 325 108 337 122
Sea_cucumber 0.001482 239 1 264 7
Sea_cucumber 0.002402 326 284 341 297
Sea_cucumber 0.002482 59 407 73 415
Sea_cucumber 0.003899 231 0 258 5
Sea_cucumber 0.008546 108 344 124 362
Sea_cucumber 0.013034 207 0 266 8
Sea_cucumber 0.056000 308 97 338 122
Sea_cucumber 0.093119 326 275 357 297
Sea_cucumber 0.634244 312 71 366 105
Sea_cucumber 0.754862 343 12 363 74
Sea_cucumber 0.853341 235 0 286 13
Sea_cucumber 0.993344 239 307 263 381
