Sea_cucumber 0.000049 411 410 415 415
Sea_cucumber 0.000054 153 0 192 8
Sea_cucumber 0.000054 144 0 168 4
Sea_cucumber 0.000060 226 194 264 213
Sea_cucumber 0.000075 170 0 189 5
Sea_cucumber 0.000078 393 1 416 6
Sea_cucumber 0.000083 3 412 21 415
Sea_cucumber 0.000087 0 0 7 6
Sea_cucumber 0.000099 171 0 205 9
Sea_cucumber 0.000110 192 0 214 5
Sea_cucumber 0.000112 189 0 252 7
Sea_cucumber 0.000120 316 186 333 223
Sea_cucumber 0.000131 413 6 416 32
Sea_cucumber 0.000135 1 409 6 415
Sea_cucumber 0.000218 156 0 173 5
Sea_cucumber 0.000234 324 167 355 189
Sea_cucumber 0.000262 161 0 181 6
Sea_cucumber 0.000288 186 0 205 7
Sea_cucumber 0.000303 409 1 415 9
Sea_cucumber 0.000960 412 5 415 19
