Sea_cucumber 0.001492 0 398 7 413
Sea_cucumber 0.001544 73 0 95 3
Sea_cucumber 0.001566 116 408 163 415
Sea_cucumber 0.001811 241 55 283 95
Sea_cucumber 0.001912 79 0 121 7
Sea_cucumber 0.002057 0 89 5 142
Sea_cucumber 0.002887 0 375 8 416
Sea_cucumber 0.004081 146 407 198 415
Sea_cucumber 0.004216 53 283 84 298
Sea_cucumber 0.004298 240 320 266 345
Sea_cucumber 0.005246 144 393 183 415
Sea_cucumber 0.005419 27 263 60 291
Sea_cucumber 0.005422 146 409 165 415
Sea_cucumber 0.016107 0 409 10 415
Sea_cucumber 0.018104 11 321 44 367
Sea_cucumber 0.071070 250 60 269 90
Sea_cucumber 0.783303 136 231 190 252
Sea_cucumber 0.881820 56 262 94 290
Sea_cucumber 0.980201 140 112 169 164
Sea_cucumber 0.990370 115 26 155 76
