Sea_cucumber 0.001217 398 0 415 22
Sea_cucumber 0.001284 1 158 19 186
Sea_cucumber 0.001680 337 392 392 415
Sea_cucumber 0.001731 0 0 8 40
Sea_cucumber 0.001987 141 315 183 338
Sea_cucumber 0.002012 184 397 206 405
Sea_cucumber 0.002062 181 393 211 410
Sea_cucumber 0.002454 0 170 6 188
Sea_cucumber 0.003123 0 410 21 415
Sea_cucumber 0.003431 0 409 10 415
Sea_cucumber 0.003683 0 2 7 19
Sea_cucumber 0.003799 0 0 8 11
Sea_cucumber 0.004111 92 271 127 291
Sea_cucumber 0.009703 185 383 205 404
Sea_cucumber 0.174814 139 315 158 336
Sea_cucumber 0.487430 68 113 98 153
Sea_cucumber 0.509875 174 377 215 403
Sea_cucumber 0.740601 84 246 135 285
Sea_cucumber 0.900846 364 394 408 415
Sea_cucumber 0.907688 334 383 364 409
