Sea_cucumber 0.000855 410 408 415 415
Sea_cucumber 0.001072 298 408 319 416
Sea_cucumber 0.001291 0 0 9 7
Sea_cucumber 0.001574 409 0 415 7
Sea_cucumber 0.001814 1 178 16 211
Sea_cucumber 0.001927 0 193 6 246
Sea_cucumber 0.002368 1 158 6 188
Sea_cucumber 0.002898 0 156 14 242
Sea_cucumber 0.004017 0 181 9 224
Sea_cucumber 0.007419 269 380 327 415
Sea_cucumber 0.008034 1 187 8 205
Sea_cucumber 0.010107 300 380 358 416
Sea_cucumber 0.015047 0 131 13 207
Sea_cucumber 0.016643 0 135 7 195
Sea_cucumber 0.052352 307 387 325 415
Sea_cucumber 0.438109 0 159 10 202
Sea_cucumber 0.620231 33 47 90 78
Sea_cucumber 0.976787 261 96 310 140
Sea_cucumber 0.983112 74 210 107 274
Sea_cucumber 0.992924 198 366 255 412
