Sea_cucumber 0.003018 0 0 11 10
Sea_cucumber 0.003493 327 123 356 139
Sea_cucumber 0.004119 139 73 174 93
Sea_cucumber 0.004775 151 0 194 7
Sea_cucumber 0.005447 5 258 34 282
Sea_cucumber 0.006663 139 0 154 24
Sea_cucumber 0.006918 167 0 192 4
Sea_cucumber 0.007306 0 102 22 165
Sea_cucumber 0.007380 166 102 195 127
Sea_cucumber 0.009065 1 100 21 131
Sea_cucumber 0.011436 0 0 28 50
Sea_cucumber 0.013081 0 0 54 11
Sea_cucumber 0.016270 151 85 213 121
Sea_cucumber 0.077362 140 73 196 107
Sea_cucumber 0.116690 153 89 191 108
Sea_cucumber 0.142055 139 0 151 55
Sea_cucumber 0.539774 125 179 144 211
Sea_cucumber 0.542105 0 0 41 23
Sea_cucumber 0.740051 2 155 36 200
Sea_cucumber 0.796777 53 74 87 121
