Sea_cucumber 0.000045 382 0 409 3
Sea_cucumber 0.000047 369 1 416 7
Sea_cucumber 0.000048 387 396 416 415
Sea_cucumber 0.000056 411 0 415 60
Sea_cucumber 0.000072 317 0 345 3
Sea_cucumber 0.000075 377 25 411 86
Sea_cucumber 0.000080 0 0 6 6
Sea_cucumber 0.000080 412 395 416 414
Sea_cucumber 0.000087 2 412 21 415
Sea_cucumber 0.000087 412 202 416 221
Sea_cucumber 0.000107 366 413 393 416
Sea_cucumber 0.000108 414 33 416 54
Sea_cucumber 0.000142 412 0 415 22
Sea_cucumber 0.000164 1 411 7 416
Sea_cucumber 0.000228 374 409 416 415
Sea_cucumber 0.000271 395 0 414 5
Sea_cucumber 0.000375 384 413 407 416
Sea_cucumber 0.000591 408 1 415 7
Sea_cucumber 0.000788 394 412 413 416
Sea_cucumber 0.001229 411 409 415 415
