Sea_cucumber 0.001610 107 409 126 415
Sea_cucumber 0.001706 398 47 415 74
Sea_cucumber 0.002054 97 0 136 21
Sea_cucumber 0.002647 282 1 301 8
Sea_cucumber 0.002778 123 0 171 9
Sea_cucumber 0.003317 409 53 416 97
Sea_cucumber 0.003643 234 29 256 39
Sea_cucumber 0.003828 116 1 135 9
Sea_cucumber 0.003924 0 389 9 406
Sea_cucumber 0.005058 0 396 12 409
Sea_cucumber 0.005965 364 21 383 47
Sea_cucumber 0.007000 235 0 288 40
Sea_cucumber 0.008559 142 379 170 402
Sea_cucumber 0.016082 0 382 19 410
Sea_cucumber 0.021947 408 53 415 69
Sea_cucumber 0.027490 123 2 141 11
Sea_cucumber 0.041240 118 1 147 18
Sea_cucumber 0.083728 232 16 259 38
Sea_cucumber 0.608330 221 175 262 214
Sea_cucumber 0.987155 320 167 349 223
