Sea_cucumber 0.000023 369 409 416 415
Sea_cucumber 0.000032 166 413 194 415
Sea_cucumber 0.000033 260 411 325 415
Sea_cucumber 0.000033 197 413 227 416
Sea_cucumber 0.000035 375 413 401 415
Sea_cucumber 0.000036 303 410 377 415
Sea_cucumber 0.000037 178 410 247 415
Sea_cucumber 0.000037 168 395 208 414
Sea_cucumber 0.000038 275 413 309 415
Sea_cucumber 0.000043 3 412 21 415
Sea_cucumber 0.000047 1 0 22 4
Sea_cucumber 0.000057 159 409 217 415
Sea_cucumber 0.000060 182 412 210 415
Sea_cucumber 0.000065 413 3 415 19
Sea_cucumber 0.000066 81 0 102 4
Sea_cucumber 0.000113 0 0 7 6
Sea_cucumber 0.000133 395 412 413 416
Sea_cucumber 0.000141 1 410 7 415
Sea_cucumber 0.000152 410 1 415 8
Sea_cucumber 0.000180 410 410 415 416
