Sea_cucumber 0.000161 302 113 319 151
Sea_cucumber 0.000164 0 1 23 6
Sea_cucumber 0.000247 289 408 342 415
Sea_cucumber 0.000262 293 17 310 42
Sea_cucumber 0.000265 409 291 416 340
Sea_cucumber 0.000273 0 89 3 126
Sea_cucumber 0.000275 0 67 15 141
Sea_cucumber 0.000289 399 319 415 344
Sea_cucumber 0.000318 369 412 390 416
Sea_cucumber 0.000335 399 273 415 351
Sea_cucumber 0.000338 0 0 8 8
Sea_cucumber 0.000374 409 314 415 335
Sea_cucumber 0.000548 408 321 415 343
Sea_cucumber 0.000671 0 107 6 156
Sea_cucumber 0.000750 0 76 4 106
Sea_cucumber 0.000755 0 56 5 112
Sea_cucumber 0.000894 323 411 339 415
Sea_cucumber 0.001528 309 105 324 144
Sea_cucumber 0.002240 0 116 5 133
Sea_cucumber 0.003469 0 80 6 135
