Sea_cucumber 0.000225 327 413 353 416
Sea_cucumber 0.000240 0 0 9 6
Sea_cucumber 0.000244 412 0 415 23
Sea_cucumber 0.000254 0 0 25 5
Sea_cucumber 0.000257 273 411 343 415
Sea_cucumber 0.000278 393 412 414 416
Sea_cucumber 0.000296 411 409 415 415
Sea_cucumber 0.000361 356 112 388 137
Sea_cucumber 0.000505 409 1 415 8
Sea_cucumber 0.000755 0 409 8 416
Sea_cucumber 0.000765 2 410 22 415
Sea_cucumber 0.001092 256 413 294 416
Sea_cucumber 0.001449 188 409 237 415
Sea_cucumber 0.001796 228 412 260 415
Sea_cucumber 0.002354 208 412 232 416
Sea_cucumber 0.003379 224 395 265 415
Sea_cucumber 0.003850 211 408 261 415
Sea_cucumber 0.004011 248 410 319 415
Sea_cucumber 0.030842 237 409 283 416
Sea_cucumber 0.062847 250 411 270 415
