Sea_cucumber 0.000116 0 230 20 258
Sea_cucumber 0.000119 268 409 316 415
Sea_cucumber 0.000134 110 352 126 374
Sea_cucumber 0.000158 279 412 304 415
Sea_cucumber 0.000168 201 398 255 415
Sea_cucumber 0.000186 188 407 254 416
Sea_cucumber 0.000213 0 311 18 337
Sea_cucumber 0.000214 0 269 6 331
Sea_cucumber 0.000217 0 309 16 380
Sea_cucumber 0.000235 243 398 292 416
Sea_cucumber 0.000236 0 256 17 337
Sea_cucumber 0.000638 1 297 10 335
Sea_cucumber 0.000964 241 413 277 416
Sea_cucumber 0.001030 0 313 9 350
Sea_cucumber 0.002145 0 316 9 332
Sea_cucumber 0.002511 241 408 294 415
Sea_cucumber 0.003972 221 409 266 416
Sea_cucumber 0.004297 276 410 290 415
Sea_cucumber 0.014907 234 411 256 415
Sea_cucumber 0.451414 123 12 159 49
