Sea_cucumber 0.000027 387 396 416 415
Sea_cucumber 0.000032 0 232 6 288
Sea_cucumber 0.000033 412 396 415 413
Sea_cucumber 0.000035 39 363 53 397
Sea_cucumber 0.000044 394 1 414 6
Sea_cucumber 0.000045 0 281 6 335
Sea_cucumber 0.000045 1 0 23 4
Sea_cucumber 0.000047 0 289 4 311
Sea_cucumber 0.000047 412 3 415 19
Sea_cucumber 0.000052 0 264 4 288
Sea_cucumber 0.000054 383 413 409 416
Sea_cucumber 0.000069 371 409 416 415
Sea_cucumber 0.000077 0 260 7 307
Sea_cucumber 0.000098 2 412 21 415
Sea_cucumber 0.000120 409 1 415 7
Sea_cucumber 0.000140 0 0 7 6
Sea_cucumber 0.000178 395 412 413 416
Sea_cucumber 0.000188 369 268 407 328
Sea_cucumber 0.000191 1 410 7 415
Sea_cucumber 0.000488 411 410 415 415
