Sea_cucumber 0.000122 119 0 145 5
Sea_cucumber 0.000125 245 0 291 8
Sea_cucumber 0.000130 411 396 415 414
Sea_cucumber 0.000134 371 409 416 415
Sea_cucumber 0.000137 249 25 273 46
Sea_cucumber 0.000175 289 0 342 7
Sea_cucumber 0.000176 246 1 279 48
Sea_cucumber 0.000186 147 410 213 415
Sea_cucumber 0.000246 410 0 415 7
Sea_cucumber 0.000289 273 0 311 19
Sea_cucumber 0.000292 172 413 205 416
Sea_cucumber 0.000323 395 412 414 416
Sea_cucumber 0.000424 271 0 297 5
Sea_cucumber 0.000661 184 409 225 416
Sea_cucumber 0.000725 271 0 312 8
Sea_cucumber 0.000726 410 409 415 415
Sea_cucumber 0.000892 288 0 313 5
Sea_cucumber 0.002554 191 411 215 416
Sea_cucumber 0.003567 279 281 293 330
Sea_cucumber 0.990933 278 273 309 329
