Sea_cucumber 0.002110 310 248 337 273
Sea_cucumber 0.002189 385 409 408 416
Sea_cucumber 0.002255 405 407 415 415
Sea_cucumber 0.002434 298 139 312 173
Sea_cucumber 0.002591 49 409 103 415
Sea_cucumber 0.002941 408 268 415 315
Sea_cucumber 0.003471 68 410 132 415
Sea_cucumber 0.003761 71 412 97 415
Sea_cucumber 0.004410 407 249 415 287
Sea_cucumber 0.006393 1 300 44 343
Sea_cucumber 0.009404 254 289 268 316
Sea_cucumber 0.010705 408 269 415 285
Sea_cucumber 0.018787 383 366 415 416
Sea_cucumber 0.022870 395 406 414 416
Sea_cucumber 0.306552 0 299 22 333
Sea_cucumber 0.469074 390 392 416 415
Sea_cucumber 0.614829 290 139 306 172
Sea_cucumber 0.783247 333 191 350 233
Sea_cucumber 0.985517 29 205 72 229
Sea_cucumber 0.991434 260 175 281 246
