Sea_cucumber 0.000107 410 154 416 206
Sea_cucumber 0.000135 342 200 389 222
Sea_cucumber 0.000155 413 7 416 32
Sea_cucumber 0.000155 410 227 416 276
Sea_cucumber 0.000158 409 180 415 227
Sea_cucumber 0.000165 412 246 416 274
Sea_cucumber 0.000169 407 281 415 318
Sea_cucumber 0.000216 410 280 416 303
Sea_cucumber 0.000217 0 0 8 6
Sea_cucumber 0.000244 43 279 79 304
Sea_cucumber 0.000267 411 186 416 205
Sea_cucumber 0.000312 393 1 415 5
Sea_cucumber 0.000361 172 194 204 214
Sea_cucumber 0.000458 412 3 416 19
Sea_cucumber 0.000645 409 250 416 301
Sea_cucumber 0.000846 408 1 415 7
Sea_cucumber 0.029290 62 266 92 285
Sea_cucumber 0.079548 66 284 99 310
Sea_cucumber 0.166760 52 265 98 306
Sea_cucumber 0.953917 188 105 239 140
