Sea_cucumber 0.000078 45 409 61 415
Sea_cucumber 0.000080 0 0 5 7
Sea_cucumber 0.000082 410 408 416 416
Sea_cucumber 0.000085 394 409 413 415
Sea_cucumber 0.000093 1 368 28 394
Sea_cucumber 0.000094 50 408 68 414
Sea_cucumber 0.000102 364 396 382 416
Sea_cucumber 0.000117 0 409 8 415
Sea_cucumber 0.000138 63 410 89 416
Sea_cucumber 0.000140 86 411 111 416
Sea_cucumber 0.000175 76 408 123 416
Sea_cucumber 0.000217 372 411 401 415
Sea_cucumber 0.000462 13 367 44 391
Sea_cucumber 0.000499 342 407 385 415
Sea_cucumber 0.000599 54 398 97 415
Sea_cucumber 0.001541 80 408 101 415
Sea_cucumber 0.002704 367 398 407 415
Sea_cucumber 0.003572 362 406 398 415
Sea_cucumber 0.004292 363 408 381 416
Sea_cucumber 0.012590 2 354 50 397
