Sea_cucumber 0.004204 0 295 37 318
Sea_cucumber 0.004876 393 382 415 409
Sea_cucumber 0.005949 0 288 19 315
Sea_cucumber 0.006592 187 41 223 62
Sea_cucumber 0.007419 109 398 136 415
Sea_cucumber 0.009868 204 165 237 181
Sea_cucumber 0.010575 321 1 357 25
Sea_cucumber 0.010918 123 406 137 415
Sea_cucumber 0.021375 117 404 133 415
Sea_cucumber 0.023558 86 20 96 40
Sea_cucumber 0.026376 271 274 309 296
Sea_cucumber 0.030331 181 163 241 231
Sea_cucumber 0.082621 313 0 342 40
Sea_cucumber 0.180084 390 376 416 396
Sea_cucumber 0.368266 389 350 414 395
Sea_cucumber 0.423713 78 21 95 50
Sea_cucumber 0.819881 190 87 269 110
Sea_cucumber 0.918342 341 350 375 394
Sea_cucumber 0.962490 38 196 114 223
Sea_cucumber 0.982774 176 162 204 236
