Sea_cucumber 0.000122 53 409 115 415
Sea_cucumber 0.000122 0 7 4 30
Sea_cucumber 0.000129 263 0 289 3
Sea_cucumber 0.000150 137 4 200 43
Sea_cucumber 0.000154 213 409 276 416
Sea_cucumber 0.000161 241 0 295 6
Sea_cucumber 0.000164 1 412 22 415
Sea_cucumber 0.000181 240 412 266 416
Sea_cucumber 0.000187 246 409 291 416
Sea_cucumber 0.000192 122 406 174 415
Sea_cucumber 0.000194 163 4 194 33
Sea_cucumber 0.000219 145 407 200 415
Sea_cucumber 0.000229 0 0 22 6
Sea_cucumber 0.000237 96 408 152 415
Sea_cucumber 0.000288 1 410 8 416
Sea_cucumber 0.000427 163 409 229 415
Sea_cucumber 0.000436 256 412 279 416
Sea_cucumber 0.000654 126 396 170 414
Sea_cucumber 0.000754 0 1 7 8
Sea_cucumber 0.000802 0 5 5 18
