Sea_cucumber 0.001349 0 247 5 303
Sea_cucumber 0.001384 135 407 177 415
Sea_cucumber 0.001480 4 411 21 416
Sea_cucumber 0.001556 0 92 7 109
Sea_cucumber 0.001625 165 408 227 416
Sea_cucumber 0.002093 332 20 347 55
Sea_cucumber 0.002551 169 396 186 416
Sea_cucumber 0.002713 16 58 53 85
Sea_cucumber 0.002776 3 77 20 108
Sea_cucumber 0.002874 148 397 180 415
Sea_cucumber 0.003036 170 407 186 415
Sea_cucumber 0.003233 162 404 198 416
Sea_cucumber 0.004212 0 279 3 303
Sea_cucumber 0.004912 312 48 353 65
Sea_cucumber 0.005468 157 407 173 415
Sea_cucumber 0.026112 166 399 178 414
Sea_cucumber 0.172353 315 20 349 63
Sea_cucumber 0.232479 312 41 403 66
Sea_cucumber 0.622935 5 60 52 106
Sea_cucumber 0.767824 146 178 194 212
