Sea_cucumber 0.002020 408 145 415 197
Sea_cucumber 0.002045 404 123 415 157
Sea_cucumber 0.002971 410 145 415 167
Sea_cucumber 0.003113 407 140 415 155
Sea_cucumber 0.003436 226 67 241 99
Sea_cucumber 0.003704 407 87 415 144
Sea_cucumber 0.005580 405 138 415 174
Sea_cucumber 0.006703 405 0 415 6
Sea_cucumber 0.010952 124 301 144 327
Sea_cucumber 0.011032 267 355 288 385
Sea_cucumber 0.011582 173 0 223 23
Sea_cucumber 0.020861 393 138 415 194
Sea_cucumber 0.039225 396 115 416 149
Sea_cucumber 0.110163 391 135 416 159
Sea_cucumber 0.315451 121 297 181 327
Sea_cucumber 0.458912 138 121 168 161
Sea_cucumber 0.692017 263 355 326 385
Sea_cucumber 0.776468 204 0 232 24
Sea_cucumber 0.960394 234 117 273 140
Sea_cucumber 0.968052 175 256 235 291
