Sea_cucumber 0.006487 161 294 185 322
Sea_cucumber 0.007340 208 408 229 415
Sea_cucumber 0.007833 205 394 236 415
Sea_cucumber 0.008534 147 181 162 212
Sea_cucumber 0.008562 143 264 195 299
Sea_cucumber 0.015956 144 265 171 288
Sea_cucumber 0.019727 406 275 415 289
Sea_cucumber 0.021075 66 318 82 343
Sea_cucumber 0.024369 2 116 34 131
Sea_cucumber 0.028449 407 121 415 141
Sea_cucumber 0.038041 156 266 205 284
Sea_cucumber 0.052295 126 43 149 97
Sea_cucumber 0.067179 398 271 415 299
Sea_cucumber 0.090780 127 44 142 76
Sea_cucumber 0.114894 286 332 300 362
Sea_cucumber 0.139638 365 245 382 273
Sea_cucumber 0.160366 60 311 77 340
Sea_cucumber 0.173065 286 326 316 339
Sea_cucumber 0.362975 392 77 415 109
Sea_cucumber 0.435331 148 273 184 322
