Sea_cucumber 0.001102 0 397 8 413
Sea_cucumber 0.001119 17 410 36 416
Sea_cucumber 0.001131 0 290 8 326
Sea_cucumber 0.001409 158 0 186 5
Sea_cucumber 0.001455 0 407 10 416
Sea_cucumber 0.001650 155 0 203 8
Sea_cucumber 0.001853 141 329 159 349
Sea_cucumber 0.001857 0 298 6 319
Sea_cucumber 0.002092 146 0 164 13
Sea_cucumber 0.002507 149 0 192 18
Sea_cucumber 0.002512 99 239 116 268
Sea_cucumber 0.002549 120 0 160 10
Sea_cucumber 0.003100 372 291 391 313
Sea_cucumber 0.007484 3 406 22 416
Sea_cucumber 0.012144 157 210 170 225
Sea_cucumber 0.020876 142 0 157 10
Sea_cucumber 0.025950 2 396 25 415
Sea_cucumber 0.034072 145 0 181 10
Sea_cucumber 0.046122 84 243 114 275
Sea_cucumber 0.382803 83 257 98 280
