Sea_cucumber 0.001998 412 106 416 129
Sea_cucumber 0.002074 2 410 21 416
Sea_cucumber 0.002126 270 409 313 416
Sea_cucumber 0.002219 406 0 414 9
Sea_cucumber 0.002758 395 0 412 26
Sea_cucumber 0.005082 255 38 295 51
Sea_cucumber 0.005098 397 0 412 9
Sea_cucumber 0.006470 303 0 330 3
Sea_cucumber 0.006898 262 38 292 81
Sea_cucumber 0.007194 290 411 310 416
Sea_cucumber 0.007510 229 353 246 376
Sea_cucumber 0.012604 235 335 248 376
Sea_cucumber 0.016630 409 125 415 136
Sea_cucumber 0.021955 260 43 276 80
Sea_cucumber 0.023389 410 117 415 132
Sea_cucumber 0.115076 76 188 111 206
Sea_cucumber 0.193931 395 4 415 72
Sea_cucumber 0.716481 314 361 348 384
Sea_cucumber 0.799249 347 261 383 274
Sea_cucumber 0.989502 93 314 133 371
