Sea_cucumber 0.000039 268 413 299 416
Sea_cucumber 0.000041 325 413 355 416
Sea_cucumber 0.000045 371 410 416 415
Sea_cucumber 0.000046 394 1 414 5
Sea_cucumber 0.000049 412 396 415 412
Sea_cucumber 0.000055 276 410 341 415
Sea_cucumber 0.000055 413 78 416 105
Sea_cucumber 0.000063 414 33 416 54
Sea_cucumber 0.000067 362 413 382 416
Sea_cucumber 0.000082 8 413 31 415
Sea_cucumber 0.000083 384 413 408 416
Sea_cucumber 0.000092 287 413 312 416
Sea_cucumber 0.000103 412 7 415 31
Sea_cucumber 0.000106 0 0 7 6
Sea_cucumber 0.000160 412 4 415 20
Sea_cucumber 0.000175 395 412 413 416
Sea_cucumber 0.000184 3 412 21 415
Sea_cucumber 0.000267 1 410 7 415
Sea_cucumber 0.000304 409 1 415 8
Sea_cucumber 0.000389 411 409 415 415
