Sea_cucumber 0.002144 0 0 26 25
Sea_cucumber 0.002161 0 193 10 229
Sea_cucumber 0.002748 330 412 351 416
Sea_cucumber 0.004785 83 173 114 188
Sea_cucumber 0.006418 0 22 7 80
Sea_cucumber 0.006913 245 152 261 177
Sea_cucumber 0.006946 0 14 15 95
Sea_cucumber 0.007600 142 116 192 153
Sea_cucumber 0.009613 0 177 29 229
Sea_cucumber 0.009715 156 119 188 142
Sea_cucumber 0.009994 184 227 242 247
Sea_cucumber 0.012927 0 21 5 49
Sea_cucumber 0.020131 0 0 11 28
Sea_cucumber 0.042156 4 205 32 232
Sea_cucumber 0.051351 0 10 9 46
Sea_cucumber 0.058494 1 14 8 28
Sea_cucumber 0.064942 0 19 7 36
Sea_cucumber 0.309493 200 227 265 256
Sea_cucumber 0.810017 13 106 74 139
Sea_cucumber 0.850790 104 1 145 42
