Sea_cucumber 0.000036 410 373 415 416
Sea_cucumber 0.000037 384 413 409 416
Sea_cucumber 0.000045 372 408 416 415
Sea_cucumber 0.000045 394 1 415 5
Sea_cucumber 0.000051 114 413 134 415
Sea_cucumber 0.000060 413 30 416 57
Sea_cucumber 0.000063 129 413 152 416
Sea_cucumber 0.000068 5 412 19 415
Sea_cucumber 0.000069 388 394 415 415
Sea_cucumber 0.000071 143 413 168 416
Sea_cucumber 0.000074 372 41 403 59
Sea_cucumber 0.000075 1 0 23 4
Sea_cucumber 0.000076 165 412 181 415
Sea_cucumber 0.000091 412 393 415 415
Sea_cucumber 0.000096 1 410 7 415
Sea_cucumber 0.000115 414 261 416 289
Sea_cucumber 0.000174 0 0 7 6
Sea_cucumber 0.000202 408 0 415 7
Sea_cucumber 0.000222 396 412 413 416
Sea_cucumber 0.000632 411 409 415 415
