Sea_cucumber 0.000368 29 410 107 415
Sea_cucumber 0.000394 0 236 6 284
Sea_cucumber 0.000458 1 325 6 353
Sea_cucumber 0.000524 1 299 5 334
Sea_cucumber 0.000558 0 410 9 416
Sea_cucumber 0.000642 336 0 375 8
Sea_cucumber 0.000807 27 411 59 416
Sea_cucumber 0.000820 1 319 8 376
Sea_cucumber 0.001036 0 408 34 416
Sea_cucumber 0.001132 0 321 18 357
Sea_cucumber 0.001516 0 398 41 414
Sea_cucumber 0.001698 0 255 6 313
Sea_cucumber 0.001822 0 260 6 278
Sea_cucumber 0.002057 0 411 25 416
Sea_cucumber 0.002128 17 408 69 416
Sea_cucumber 0.003184 338 0 358 5
Sea_cucumber 0.008037 0 275 7 340
Sea_cucumber 0.013363 0 306 11 342
Sea_cucumber 0.026846 0 252 16 342
Sea_cucumber 0.033925 17 409 39 416
