Sea_cucumber 0.000301 397 300 415 331
Sea_cucumber 0.000322 410 11 416 61
Sea_cucumber 0.000339 412 0 416 24
Sea_cucumber 0.000353 408 249 415 303
Sea_cucumber 0.000405 394 412 414 415
Sea_cucumber 0.000410 378 326 395 350
Sea_cucumber 0.000426 406 270 415 314
Sea_cucumber 0.000486 410 409 415 415
Sea_cucumber 0.000633 412 44 415 76
Sea_cucumber 0.000676 411 35 415 53
Sea_cucumber 0.000682 311 411 368 416
Sea_cucumber 0.000791 408 0 415 6
Sea_cucumber 0.001039 335 413 360 416
Sea_cucumber 0.001040 325 281 358 352
Sea_cucumber 0.001842 399 281 415 319
Sea_cucumber 0.002430 409 35 415 84
Sea_cucumber 0.003371 409 58 415 108
Sea_cucumber 0.003879 325 311 393 354
Sea_cucumber 0.005997 412 65 416 86
Sea_cucumber 0.667233 324 321 355 354
