Sea_cucumber 0.000253 255 412 280 416
Sea_cucumber 0.000255 53 406 99 416
Sea_cucumber 0.000270 262 10 288 27
Sea_cucumber 0.000317 268 1 286 5
Sea_cucumber 0.000344 250 1 288 22
Sea_cucumber 0.000402 278 1 289 5
Sea_cucumber 0.000426 1 378 54 414
Sea_cucumber 0.000767 272 8 285 21
Sea_cucumber 0.000813 31 405 71 415
Sea_cucumber 0.000875 5 412 34 416
Sea_cucumber 0.001003 40 411 62 416
Sea_cucumber 0.001405 1 411 21 415
Sea_cucumber 0.001476 1 410 8 415
Sea_cucumber 0.002772 55 390 93 414
Sea_cucumber 0.003363 275 3 289 23
Sea_cucumber 0.003923 22 412 50 416
Sea_cucumber 0.004215 13 409 58 415
Sea_cucumber 0.029975 21 392 68 415
Sea_cucumber 0.117359 277 14 286 21
Sea_cucumber 0.823670 46 384 76 415
