Sea_cucumber 0.000686 59 0 94 4
Sea_cucumber 0.000703 395 411 414 416
Sea_cucumber 0.000776 281 410 351 415
Sea_cucumber 0.000810 43 217 91 238
Sea_cucumber 0.000913 223 0 249 3
Sea_cucumber 0.001066 0 1 8 9
Sea_cucumber 0.001193 408 0 415 6
Sea_cucumber 0.001213 329 411 350 415
Sea_cucumber 0.001301 409 409 415 415
Sea_cucumber 0.001519 92 371 122 415
Sea_cucumber 0.001797 82 0 101 4
Sea_cucumber 0.002041 0 5 7 17
Sea_cucumber 0.002700 3 181 33 197
Sea_cucumber 0.003362 40 203 104 284
Sea_cucumber 0.003689 51 0 101 7
Sea_cucumber 0.035173 18 3 94 38
Sea_cucumber 0.052392 41 248 105 280
Sea_cucumber 0.384774 68 258 104 279
Sea_cucumber 0.547665 17 7 52 39
Sea_cucumber 0.971067 362 46 402 119
