Sea_cucumber 0.003814 389 392 415 416
Sea_cucumber 0.005515 196 399 258 415
Sea_cucumber 0.005530 407 147 415 165
Sea_cucumber 0.006881 176 410 202 415
Sea_cucumber 0.008378 407 156 415 173
Sea_cucumber 0.011019 407 165 415 178
Sea_cucumber 0.013796 398 73 416 139
Sea_cucumber 0.016603 411 394 415 413
Sea_cucumber 0.021342 398 150 416 177
Sea_cucumber 0.022828 167 406 209 415
Sea_cucumber 0.035670 192 405 232 416
Sea_cucumber 0.080960 398 118 416 161
Sea_cucumber 0.106601 195 405 212 415
Sea_cucumber 0.709535 260 209 341 235
Sea_cucumber 0.755868 399 113 415 137
Sea_cucumber 0.805968 33 283 89 303
Sea_cucumber 0.975880 271 49 317 93
Sea_cucumber 0.989389 185 0 219 60
Sea_cucumber 0.991256 236 235 265 286
Sea_cucumber 0.994511 356 303 403 366
