Sea_cucumber 0.002390 241 412 264 416
Sea_cucumber 0.002694 12 408 75 415
Sea_cucumber 0.002733 0 407 8 415
Sea_cucumber 0.002829 407 236 415 284
Sea_cucumber 0.003520 400 211 415 286
Sea_cucumber 0.003673 0 146 44 199
Sea_cucumber 0.003831 407 273 415 291
Sea_cucumber 0.004714 407 269 415 314
Sea_cucumber 0.005388 409 51 415 71
Sea_cucumber 0.005846 46 407 89 415
Sea_cucumber 0.006102 412 198 416 211
Sea_cucumber 0.006291 406 69 416 112
Sea_cucumber 0.009383 399 263 415 288
Sea_cucumber 0.010417 405 270 415 283
Sea_cucumber 0.014918 406 42 415 78
Sea_cucumber 0.015052 406 61 415 75
Sea_cucumber 0.574228 403 64 416 88
Sea_cucumber 0.711272 0 174 39 203
Sea_cucumber 0.997901 298 365 358 409
Sea_cucumber 0.998814 140 168 175 239
