Sea_cucumber 0.000077 0 409 54 416
Sea_cucumber 0.000081 0 364 9 394
Sea_cucumber 0.000082 132 399 150 413
Sea_cucumber 0.000084 281 411 301 415
Sea_cucumber 0.000118 55 411 83 415
Sea_cucumber 0.000123 0 379 5 394
Sea_cucumber 0.000123 1 395 37 415
Sea_cucumber 0.000147 15 411 40 415
Sea_cucumber 0.000153 144 411 165 416
Sea_cucumber 0.000163 0 396 6 413
Sea_cucumber 0.000232 121 410 146 416
Sea_cucumber 0.000239 0 341 7 387
Sea_cucumber 0.000521 130 394 164 415
Sea_cucumber 0.000688 60 397 91 415
Sea_cucumber 0.000752 0 373 7 387
Sea_cucumber 0.000859 0 409 10 416
Sea_cucumber 0.000998 64 408 89 415
Sea_cucumber 0.001551 0 410 24 416
Sea_cucumber 0.001683 115 392 150 415
Sea_cucumber 0.002321 129 408 153 415
