Sea_cucumber 0.000673 250 410 271 416
Sea_cucumber 0.000705 44 408 92 416
Sea_cucumber 0.000712 332 0 380 8
Sea_cucumber 0.000809 258 408 295 416
Sea_cucumber 0.001076 271 411 297 416
Sea_cucumber 0.001102 409 111 415 168
Sea_cucumber 0.001245 397 88 415 116
Sea_cucumber 0.001262 409 111 415 136
Sea_cucumber 0.001329 385 411 409 416
Sea_cucumber 0.001535 261 409 276 415
Sea_cucumber 0.001562 330 0 351 6
Sea_cucumber 0.001658 0 407 6 415
Sea_cucumber 0.001710 407 409 414 416
Sea_cucumber 0.002750 74 409 93 416
Sea_cucumber 0.003619 405 104 415 143
Sea_cucumber 0.006122 396 410 413 416
Sea_cucumber 0.008341 317 1 348 18
Sea_cucumber 0.042672 397 100 415 130
Sea_cucumber 0.948047 56 2 82 58
Sea_cucumber 0.976463 165 296 192 346
