Sea_cucumber 0.000012 100 40 145 167
Sea_cucumber 0.000013 0 16 106 84
Sea_cucumber 0.000014 0 0 3 21
Sea_cucumber 0.000014 324 414 341 415
Sea_cucumber 0.000015 411 350 413 380
Sea_cucumber 0.000015 122 51 146 125
Sea_cucumber 0.000018 314 237 416 314
Sea_cucumber 0.000018 393 1 415 5
Sea_cucumber 0.000022 110 64 133 140
Sea_cucumber 0.000022 341 0 370 3
Sea_cucumber 0.000026 313 1 381 6
Sea_cucumber 0.000030 334 412 345 415
Sea_cucumber 0.000038 413 73 416 93
Sea_cucumber 0.000044 0 362 61 416
Sea_cucumber 0.000045 1 0 23 5
Sea_cucumber 0.000047 1 413 24 415
Sea_cucumber 0.000051 412 2 415 20
Sea_cucumber 0.000074 1 412 9 415
Sea_cucumber 0.000125 0 0 7 6
Sea_cucumber 0.000150 410 1 415 8
