Sea_cucumber 0.007434 122 66 141 86
Sea_cucumber 0.007870 38 359 63 387
Sea_cucumber 0.008643 276 229 295 247
Sea_cucumber 0.009546 364 145 394 167
Sea_cucumber 0.012532 33 393 51 415
Sea_cucumber 0.013067 295 270 321 287
Sea_cucumber 0.013338 396 390 415 414
Sea_cucumber 0.018473 212 87 226 110
Sea_cucumber 0.022612 117 154 150 176
Sea_cucumber 0.025065 30 126 44 149
Sea_cucumber 0.051880 379 386 415 409
Sea_cucumber 0.054870 321 6 358 30
Sea_cucumber 0.085620 252 367 283 390
Sea_cucumber 0.207162 131 161 150 180
Sea_cucumber 0.355288 44 278 61 319
Sea_cucumber 0.473947 41 191 78 214
Sea_cucumber 0.507075 184 90 225 110
Sea_cucumber 0.554749 347 5 404 44
Sea_cucumber 0.620589 246 132 278 163
Sea_cucumber 0.786225 275 231 324 246
