Sea_cucumber 0.000148 1 346 6 369
Sea_cucumber 0.000155 0 359 6 416
Sea_cucumber 0.000161 408 376 415 416
Sea_cucumber 0.000170 0 411 21 415
Sea_cucumber 0.000176 203 412 221 416
Sea_cucumber 0.000191 217 18 273 56
Sea_cucumber 0.000196 220 13 254 32
Sea_cucumber 0.000210 179 114 214 135
Sea_cucumber 0.000213 0 188 6 205
Sea_cucumber 0.000252 1 349 10 394
Sea_cucumber 0.000298 203 81 228 132
Sea_cucumber 0.000320 0 409 8 416
Sea_cucumber 0.000389 409 397 416 413
Sea_cucumber 0.000661 395 411 415 416
Sea_cucumber 0.000688 128 1 155 22
Sea_cucumber 0.001839 408 409 415 415
Sea_cucumber 0.002108 1 354 18 374
Sea_cucumber 0.002594 214 88 226 127
Sea_cucumber 0.023246 226 20 262 37
Sea_cucumber 0.875256 146 67 180 98
