Sea_cucumber 0.000084 413 140 416 173
Sea_cucumber 0.000085 411 40 416 64
Sea_cucumber 0.000089 410 168 415 223
Sea_cucumber 0.000092 335 1 362 5
Sea_cucumber 0.000101 411 56 416 80
Sea_cucumber 0.000102 308 166 328 178
Sea_cucumber 0.000106 412 3 416 20
Sea_cucumber 0.000110 409 10 415 61
Sea_cucumber 0.000111 408 37 415 82
Sea_cucumber 0.000123 1 410 7 415
Sea_cucumber 0.000126 412 69 416 98
Sea_cucumber 0.000135 350 3 362 13
Sea_cucumber 0.000149 410 119 415 176
Sea_cucumber 0.000153 408 0 415 6
Sea_cucumber 0.000190 323 0 371 8
Sea_cucumber 0.000193 411 410 415 415
Sea_cucumber 0.000242 409 148 415 196
Sea_cucumber 0.000254 412 159 416 184
Sea_cucumber 0.000262 409 60 415 108
Sea_cucumber 0.000399 347 3 364 8
