Sea_cucumber 0.000179 0 106 7 142
Sea_cucumber 0.000193 393 0 416 6
Sea_cucumber 0.000199 0 0 7 40
Sea_cucumber 0.000200 397 225 415 248
Sea_cucumber 0.000203 2 409 20 416
Sea_cucumber 0.000220 65 410 87 416
Sea_cucumber 0.000243 408 409 415 416
Sea_cucumber 0.000314 0 122 5 140
Sea_cucumber 0.000340 0 407 9 416
Sea_cucumber 0.000386 369 283 405 300
Sea_cucumber 0.000389 47 305 70 387
Sea_cucumber 0.000467 0 113 4 135
Sea_cucumber 0.000483 0 218 5 269
Sea_cucumber 0.000486 407 0 416 7
Sea_cucumber 0.000491 0 238 3 266
Sea_cucumber 0.000583 0 0 5 21
Sea_cucumber 0.000750 392 410 415 416
Sea_cucumber 0.001060 59 356 72 384
Sea_cucumber 0.002338 0 0 7 8
Sea_cucumber 0.003118 227 258 244 278
