Sea_cucumber 0.000055 8 407 49 415
Sea_cucumber 0.000057 93 95 148 139
Sea_cucumber 0.000060 0 0 6 44
Sea_cucumber 0.000061 334 413 360 415
Sea_cucumber 0.000070 0 0 31 9
Sea_cucumber 0.000077 131 49 163 74
Sea_cucumber 0.000080 411 410 415 415
Sea_cucumber 0.000083 0 142 5 156
Sea_cucumber 0.000096 0 148 4 161
Sea_cucumber 0.000100 15 410 39 415
Sea_cucumber 0.000156 110 97 137 122
Sea_cucumber 0.000170 409 1 415 7
Sea_cucumber 0.000198 0 0 22 6
Sea_cucumber 0.000209 346 332 364 361
Sea_cucumber 0.000287 0 409 8 416
Sea_cucumber 0.000333 0 1 4 20
Sea_cucumber 0.000346 11 408 27 414
Sea_cucumber 0.000412 3 409 22 416
Sea_cucumber 0.001098 342 327 356 357
Sea_cucumber 0.001608 0 1 7 9
