Sea_cucumber 0.000004 85 103 117 127
Sea_cucumber 0.000004 8 413 31 415
Sea_cucumber 0.000005 1 395 3 413
Sea_cucumber 0.000005 0 4 2 34
Sea_cucumber 0.000005 393 1 415 4
Sea_cucumber 0.000006 414 6 416 32
Sea_cucumber 0.000006 314 8 416 92
Sea_cucumber 0.000006 368 0 407 44
Sea_cucumber 0.000006 386 413 406 415
Sea_cucumber 0.000007 413 397 416 412
Sea_cucumber 0.000011 198 130 241 151
Sea_cucumber 0.000011 397 413 411 415
Sea_cucumber 0.000013 3 413 21 415
Sea_cucumber 0.000013 413 3 416 20
Sea_cucumber 0.000014 0 1 3 21
Sea_cucumber 0.000015 2 0 22 4
Sea_cucumber 0.000049 1 410 6 415
Sea_cucumber 0.000050 409 1 415 7
Sea_cucumber 0.000054 411 410 415 415
Sea_cucumber 0.000062 0 0 7 6
