Sea_cucumber 0.000947 307 394 377 416
Sea_cucumber 0.001039 61 407 107 415
Sea_cucumber 0.001199 325 32 356 55
Sea_cucumber 0.001295 409 408 415 415
Sea_cucumber 0.001309 327 0 370 8
Sea_cucumber 0.001462 58 395 94 414
Sea_cucumber 0.001989 340 0 371 22
Sea_cucumber 0.002025 337 410 360 416
Sea_cucumber 0.002112 343 0 405 48
Sea_cucumber 0.002249 345 0 366 6
Sea_cucumber 0.002766 345 0 364 40
Sea_cucumber 0.003079 350 396 391 416
Sea_cucumber 0.003857 348 408 365 415
Sea_cucumber 0.004487 0 114 6 165
Sea_cucumber 0.004670 328 405 368 415
Sea_cucumber 0.007414 1 117 7 134
Sea_cucumber 0.072249 342 395 369 415
Sea_cucumber 0.314444 329 2 361 53
Sea_cucumber 0.877674 176 60 236 79
Sea_cucumber 0.995672 179 188 228 234
