Sea_cucumber 0.001047 263 0 287 6
Sea_cucumber 0.001336 0 409 8 415
Sea_cucumber 0.001377 395 309 415 340
Sea_cucumber 0.001494 409 233 415 255
Sea_cucumber 0.001574 164 413 196 416
Sea_cucumber 0.001656 118 121 132 138
Sea_cucumber 0.001897 163 410 229 415
Sea_cucumber 0.002219 116 409 181 415
Sea_cucumber 0.002795 381 282 415 345
Sea_cucumber 0.002840 384 334 412 357
Sea_cucumber 0.003019 397 230 416 259
Sea_cucumber 0.003086 109 178 162 212
Sea_cucumber 0.004664 147 410 197 416
Sea_cucumber 0.005489 152 411 175 416
Sea_cucumber 0.005644 302 305 324 388
Sea_cucumber 0.007869 100 120 130 142
Sea_cucumber 0.009096 378 239 415 263
Sea_cucumber 0.226484 385 319 412 348
Sea_cucumber 0.751046 76 305 102 354
Sea_cucumber 0.864583 308 342 329 406
