Sea_cucumber 0.000220 0 291 7 340
Sea_cucumber 0.000224 0 323 6 342
Sea_cucumber 0.000248 199 0 225 5
Sea_cucumber 0.000264 152 0 207 7
Sea_cucumber 0.000271 181 0 226 7
Sea_cucumber 0.000285 0 397 7 413
Sea_cucumber 0.000310 216 0 272 6
Sea_cucumber 0.000381 306 411 326 416
Sea_cucumber 0.000480 118 0 147 3
Sea_cucumber 0.000533 1 410 22 415
Sea_cucumber 0.000565 109 0 156 7
Sea_cucumber 0.000677 0 217 7 269
Sea_cucumber 0.000819 0 408 9 415
Sea_cucumber 0.000863 133 215 160 241
Sea_cucumber 0.001009 133 0 178 7
Sea_cucumber 0.001041 93 321 110 358
Sea_cucumber 0.001609 0 218 6 239
Sea_cucumber 0.002940 128 208 153 233
Sea_cucumber 0.007267 136 0 158 4
Sea_cucumber 0.014885 323 149 354 177
