Sea_cucumber 0.001001 52 23 70 51
Sea_cucumber 0.001066 411 270 416 284
Sea_cucumber 0.001407 75 0 125 7
Sea_cucumber 0.001646 15 19 42 38
Sea_cucumber 0.002203 92 281 104 291
Sea_cucumber 0.002346 101 307 116 318
Sea_cucumber 0.002564 406 220 414 233
Sea_cucumber 0.003649 60 0 91 11
Sea_cucumber 0.004743 54 0 69 6
Sea_cucumber 0.004908 61 0 75 8
Sea_cucumber 0.010369 69 0 83 8
Sea_cucumber 0.013547 41 0 81 24
Sea_cucumber 0.036625 74 0 91 24
Sea_cucumber 0.058891 100 302 129 319
Sea_cucumber 0.082238 78 0 91 8
Sea_cucumber 0.544956 19 21 70 56
Sea_cucumber 0.601933 65 0 83 24
Sea_cucumber 0.775913 197 66 230 98
Sea_cucumber 0.984209 183 268 244 303
Sea_cucumber 0.985763 232 247 267 272
