Sea_cucumber 0.000668 409 0 416 7
Sea_cucumber 0.000711 375 31 415 52
Sea_cucumber 0.000738 372 136 405 155
Sea_cucumber 0.000747 147 59 218 93
Sea_cucumber 0.000830 110 0 170 7
Sea_cucumber 0.000847 0 378 8 414
Sea_cucumber 0.001021 182 0 207 4
Sea_cucumber 0.001027 1 219 8 268
Sea_cucumber 0.001335 171 0 220 7
Sea_cucumber 0.001863 0 409 20 415
Sea_cucumber 0.002265 53 281 94 379
Sea_cucumber 0.002406 71 291 86 329
Sea_cucumber 0.003391 138 0 192 7
Sea_cucumber 0.005017 0 215 17 239
Sea_cucumber 0.005533 0 399 8 411
Sea_cucumber 0.005624 1 218 10 235
Sea_cucumber 0.006113 0 406 8 415
Sea_cucumber 0.010116 167 0 192 5
Sea_cucumber 0.031304 374 130 415 148
Sea_cucumber 0.899077 67 292 87 371
