Sea_cucumber 0.000094 1 108 7 156
Sea_cucumber 0.000098 410 409 416 416
Sea_cucumber 0.000118 1 129 6 151
Sea_cucumber 0.000125 0 0 7 7
Sea_cucumber 0.000144 0 314 3 350
Sea_cucumber 0.000171 157 221 172 252
Sea_cucumber 0.000194 1 411 21 415
Sea_cucumber 0.000195 1 396 5 413
Sea_cucumber 0.000196 412 1 416 22
Sea_cucumber 0.000245 409 0 416 8
Sea_cucumber 0.000253 0 234 5 285
Sea_cucumber 0.000293 0 331 5 380
Sea_cucumber 0.000318 218 0 254 10
Sea_cucumber 0.000322 1 337 17 416
Sea_cucumber 0.000327 0 255 3 281
Sea_cucumber 0.000348 58 260 77 290
Sea_cucumber 0.000555 0 306 6 358
Sea_cucumber 0.000562 371 411 388 415
Sea_cucumber 0.000580 0 409 7 415
Sea_cucumber 0.002262 0 340 4 355
