Sea_cucumber 0.000642 409 127 415 184
Sea_cucumber 0.000717 399 90 416 125
Sea_cucumber 0.000726 47 341 59 358
Sea_cucumber 0.000864 52 348 65 364
Sea_cucumber 0.000985 0 218 6 234
Sea_cucumber 0.001113 0 409 8 416
Sea_cucumber 0.001186 57 411 82 416
Sea_cucumber 0.001845 409 84 415 101
Sea_cucumber 0.002076 407 83 415 117
Sea_cucumber 0.002212 0 196 9 228
Sea_cucumber 0.002946 410 121 416 143
Sea_cucumber 0.005118 67 408 85 415
Sea_cucumber 0.005139 52 10 81 30
Sea_cucumber 0.005513 0 213 8 226
Sea_cucumber 0.005989 411 105 416 127
Sea_cucumber 0.011276 408 104 416 143
Sea_cucumber 0.012106 36 355 57 367
Sea_cucumber 0.017436 39 354 78 370
Sea_cucumber 0.193030 37 345 65 367
Sea_cucumber 0.996283 118 123 148 203
