Sea_cucumber 0.001710 0 201 5 254
Sea_cucumber 0.002681 172 303 191 313
Sea_cucumber 0.003206 406 194 415 227
Sea_cucumber 0.003639 0 230 3 256
Sea_cucumber 0.004171 357 215 416 248
Sea_cucumber 0.004256 154 282 216 321
Sea_cucumber 0.006409 259 36 280 56
Sea_cucumber 0.009180 345 72 361 95
Sea_cucumber 0.017949 387 223 403 247
Sea_cucumber 0.024200 408 196 415 213
Sea_cucumber 0.041860 281 38 317 60
Sea_cucumber 0.058316 202 280 217 302
Sea_cucumber 0.382943 338 44 360 96
Sea_cucumber 0.399665 258 37 309 57
Sea_cucumber 0.501078 352 224 393 247
Sea_cucumber 0.721530 141 122 170 162
Sea_cucumber 0.742509 156 308 206 326
Sea_cucumber 0.833547 208 203 243 234
Sea_cucumber 0.879653 63 168 119 189
Sea_cucumber 0.987338 187 17 220 67
