Sea_cucumber 0.000907 398 384 415 411
Sea_cucumber 0.000964 409 408 416 416
Sea_cucumber 0.001144 1 12 8 27
Sea_cucumber 0.001235 102 252 117 269
Sea_cucumber 0.001284 1 296 8 350
Sea_cucumber 0.001341 0 126 14 211
Sea_cucumber 0.001349 0 139 5 203
Sea_cucumber 0.001359 69 41 96 60
Sea_cucumber 0.001915 108 205 122 233
Sea_cucumber 0.002125 115 244 127 278
Sea_cucumber 0.002224 0 141 4 171
Sea_cucumber 0.002770 0 283 6 303
Sea_cucumber 0.002815 334 208 349 236
Sea_cucumber 0.003974 271 365 301 391
Sea_cucumber 0.005666 0 274 10 312
Sea_cucumber 0.012138 23 122 46 140
Sea_cucumber 0.013989 1 298 10 316
Sea_cucumber 0.015766 0 126 7 169
Sea_cucumber 0.065553 0 295 17 320
Sea_cucumber 0.096394 107 246 123 278
