Sea_cucumber 0.000034 0 366 25 415
Sea_cucumber 0.000037 393 0 416 4
Sea_cucumber 0.000039 245 245 256 277
Sea_cucumber 0.000041 1 373 7 416
Sea_cucumber 0.000042 0 369 4 391
Sea_cucumber 0.000043 413 1 416 21
Sea_cucumber 0.000054 2 412 21 415
Sea_cucumber 0.000055 413 216 416 239
Sea_cucumber 0.000058 395 412 414 415
Sea_cucumber 0.000065 29 62 75 90
Sea_cucumber 0.000069 237 253 252 277
Sea_cucumber 0.000070 0 0 6 6
Sea_cucumber 0.000077 0 410 8 415
Sea_cucumber 0.000082 293 129 321 147
Sea_cucumber 0.000087 199 0 224 3
Sea_cucumber 0.000092 0 164 3 180
Sea_cucumber 0.000125 409 0 415 6
Sea_cucumber 0.000157 333 373 363 388
Sea_cucumber 0.000188 410 409 415 416
Sea_cucumber 0.000276 363 102 384 115
