Sea_cucumber 0.000061 60 409 75 415
Sea_cucumber 0.000065 413 323 416 358
Sea_cucumber 0.000066 0 153 7 191
Sea_cucumber 0.000071 0 0 7 6
Sea_cucumber 0.000072 205 0 220 5
Sea_cucumber 0.000073 0 170 5 189
Sea_cucumber 0.000074 411 299 416 364
Sea_cucumber 0.000079 411 346 415 413
Sea_cucumber 0.000085 298 412 318 415
Sea_cucumber 0.000085 407 193 415 229
Sea_cucumber 0.000089 408 176 416 217
Sea_cucumber 0.000095 58 20 93 37
Sea_cucumber 0.000099 0 410 7 415
Sea_cucumber 0.000116 413 2 416 23
Sea_cucumber 0.000119 411 410 415 416
Sea_cucumber 0.000130 411 184 416 207
Sea_cucumber 0.000153 410 190 415 219
Sea_cucumber 0.000213 411 332 416 378
Sea_cucumber 0.000423 398 189 415 222
Sea_cucumber 0.000709 413 345 416 366
