Sea_cucumber 0.000014 0 218 5 285
Sea_cucumber 0.000014 0 0 3 23
Sea_cucumber 0.000015 411 349 413 380
Sea_cucumber 0.000015 0 262 5 322
Sea_cucumber 0.000016 370 0 416 6
Sea_cucumber 0.000016 138 175 162 225
Sea_cucumber 0.000018 204 252 218 283
Sea_cucumber 0.000020 22 31 51 81
Sea_cucumber 0.000021 214 205 229 219
Sea_cucumber 0.000029 334 412 345 415
Sea_cucumber 0.000030 393 0 415 5
Sea_cucumber 0.000033 170 276 188 289
Sea_cucumber 0.000035 68 221 84 251
Sea_cucumber 0.000041 413 1 416 21
Sea_cucumber 0.000043 1 413 24 415
Sea_cucumber 0.000044 0 362 61 416
Sea_cucumber 0.000062 0 0 5 6
Sea_cucumber 0.000071 1 412 9 415
Sea_cucumber 0.000155 410 0 415 7
Sea_cucumber 0.000654 140 177 154 200
