Sea_cucumber 0.000947 0 0 9 7
Sea_cucumber 0.001074 410 408 416 416
Sea_cucumber 0.001164 97 396 135 416
Sea_cucumber 0.001228 324 407 340 415
Sea_cucumber 0.001398 314 374 344 414
Sea_cucumber 0.002254 122 397 173 416
Sea_cucumber 0.002412 124 411 154 416
Sea_cucumber 0.002717 258 225 279 259
Sea_cucumber 0.003627 324 395 372 415
Sea_cucumber 0.004354 96 407 135 415
Sea_cucumber 0.005002 255 243 285 261
Sea_cucumber 0.005154 105 410 128 416
Sea_cucumber 0.006963 188 254 254 271
Sea_cucumber 0.007346 118 407 163 415
Sea_cucumber 0.007818 323 393 339 416
Sea_cucumber 0.011653 189 259 300 294
Sea_cucumber 0.012524 267 220 286 254
Sea_cucumber 0.029638 117 409 132 416
Sea_cucumber 0.311204 188 261 256 277
Sea_cucumber 0.991145 20 218 91 269
